5.328267192599509144e+03 5.317355879664291024e+03 5.321359263239527536e+03
5.344774497545480699e+03 5.340468910230280017e+03 5.347081692053101506e+03
5.376856499973596328e+03 5.365502014289896579e+03 5.372244605275518552e+03
5.405952616457029762e+03 5.395303993584305317e+03 5.392690103023836855e+03
5.425633261139907518e+03 5.423372421652647063e+03 5.422709372013261600e+03
5.457662281335493390e+03 5.450195103274588291e+03 5.449512670158488618e+03
5.476008615202697911e+03 5.472054363925306461e+03 5.473258665489475788e+03
5.487553225746753924e+03 5.488997272431618512e+03 5.490101416329785025e+03
5.494237847908822914e+03 5.499235273013221558e+03 5.501198369063316932e+03
5.496096374988614116e+03 5.497243669590566242e+03 5.509740919776945702e+03
5.497122243760280071e+03 5.504040265172683576e+03 5.516565415117563134e+03
5.509628023185568964e+03 5.516671573791330047e+03 5.530243225599857396e+03
5.532957854848180432e+03 5.535706057433490059e+03 5.551751486547457716e+03
5.556942778645729049e+03 5.573781844640200688e+03 5.576635298902036084e+03
5.591139135659651402e+03 5.602863866955771300e+03 5.602349308020242461e+03
5.615432460593978249e+03 5.627103751107410972e+03 5.627985896821597635e+03
5.642782648927452101e+03 5.643413598378612733e+03 5.647068908139289306e+03
5.644580438751768270e+03 5.658564750759915114e+03 5.661189874983938353e+03
5.654198452403501506e+03 5.669637128983681578e+03 5.674373874621655887e+03
5.659695034335883065e+03 5.685498564819405146e+03 5.681628315680377455e+03
5.659826889973500329e+03 5.687119576969769696e+03 5.683379000450690000e+03
5.660528527358221254e+03 5.682771070270253404e+03 5.679729874632246720e+03
5.298109610979652643e+03 5.294428525517960225e+03 5.298084445999373202e+03
5.314879469935091038e+03 5.312245517451529849e+03 5.324823141387644682e+03
5.327353260810598840e+03 5.339812503240180376e+03 5.341554389456331592e+03
5.365064492447600969e+03 5.364350125366185239e+03 5.362380288046209898e+03
5.400065006061109671e+03 5.391797331351215689e+03 5.391795891106326053e+03
5.415669127782543001e+03 5.420477662403405702e+03 5.419741583028525383e+03
5.443043859311737833e+03 5.445708353437193182e+03 5.445608985222994306e+03
5.477487933797146070e+03 5.466235180747075901e+03 5.465015345785311183e+03
5.485947890241100140e+03 5.482090656592219602e+03 5.478485910643730676e+03
5.486547607513201001e+03 5.488393844749627533e+03 5.487390700011796071e+03
5.491579604464031036e+03 5.494453971526010719e+03 5.497287457423082742e+03
5.503096257939578209e+03 5.509653607948992430e+03 5.509852340828228989e+03
5.525275118615239990e+03 5.524908287403460236e+03 5.527962780841597123e+03
5.547421446001773802e+03 5.553336111153411366e+03 5.555491609161582346e+03
5.580269105308857434e+03 5.579675012814186630e+03 5.579536222989769158e+03
5.599765870144913606e+03 5.603641358243047762e+03 5.605961327096815694e+03
5.624355442650219629e+03 5.624679715484083317e+03 5.626586316959718715e+03
5.641096513131965366e+03 5.647387929486973917e+03 5.647339590454600511e+03
5.654657177421131564e+03 5.669275195860817803e+03 5.664395375119372147e+03
5.655398341175582573e+03 5.682771309407546141e+03 5.677726654122287982e+03
5.662241480585028512e+03 5.687220487555208820e+03 5.683108546500015109e+03
5.662494465130786921e+03 5.684903325483872322e+03 5.682351526354630550e+03
5.261845922063486796e+03 5.276605320218968700e+03 5.275181494275504519e+03
5.276838560234567922e+03 5.283547539770258481e+03 5.293236797486870273e+03
5.301285122285841680e+03 5.304445776112882413e+03 5.308891673996253303e+03
5.318848282807727628e+03 5.328437574356302321e+03 5.327363008531470769e+03
5.348015377131173409e+03 5.355324791916814320e+03 5.357267368408869515e+03
5.384264640880036495e+03 5.385278275058773033e+03 5.387447088901416464e+03
5.415118113414679101e+03 5.412810504190641041e+03 5.414025300737500402e+03
5.443578766651375190e+03 5.435192922363614343e+03 5.435655888743975083e+03
5.469360975610882633e+03 5.451866206433587649e+03 5.446732815875264350e+03
5.473237783096507883e+03 5.463441758981562089e+03 5.457853051001277890e+03
5.477542123733725020e+03 5.470164495518939475e+03 5.466556706659936026e+03
5.487548377488289589e+03 5.480177246691819164e+03 5.475856773485123085e+03
5.507446406448474590e+03 5.495531088210644157e+03 5.491027107914346743e+03
5.518931911837042207e+03 5.519095364119839360e+03 5.515498917690929375e+03
5.535721709497646771e+03 5.541152097097186015e+03 5.538524800591591884e+03
5.563783119239989901e+03 5.563590146663374981e+03 5.562218877421159959e+03
5.592499618344635564e+03 5.590034814026201275e+03 5.588340902612502759e+03
5.627566076278892979e+03 5.618697773585229697e+03 5.617949666150455414e+03
5.632597851763690414e+03 5.647581732699597524e+03 5.642007399148999866e+03
5.651084913753216824e+03 5.667808771323690053e+03 5.663244870290092877e+03
5.659217640226258482e+03 5.677963773413690433e+03 5.675748381203421559e+03
5.660258955659526691e+03 5.680133441868600130e+03 5.679510907385439168e+03
5.249906876002898571e+03 5.247719984402192495e+03 5.255069321309624684e+03
5.260972938112105112e+03 5.259677361126313372e+03 5.268342461601483592e+03
5.275387130599194279e+03 5.274401089085335116e+03 5.278966981372077498e+03
5.299350968446558909e+03 5.299198152722023224e+03 5.297325232115634208e+03
5.329434945058146695e+03 5.330905747272285225e+03 5.330194075339662959e+03
5.366539395498526574e+03 5.362158030607785804e+03 5.360552915613325240e+03
5.387171047054092924e+03 5.391407728298226175e+03 5.385699795163413000e+03
5.393603980415201477e+03 5.406088236138392858e+03 5.405097001196700148e+03
5.421916298536393697e+03 5.416265845519294999e+03 5.414153491850873252e+03
5.429114780339215031e+03 5.429464265142280055e+03 5.423086132666831872e+03
5.432971425924339201e+03 5.432772922413834749e+03 5.428927418492648940e+03
5.438814371442637821e+03 5.440092844051816428e+03 5.434312772885876257e+03
5.455910374700181819e+03 5.453781943129254614e+03 5.446363781726129673e+03
5.455953652855234395e+03 5.470963804083617106e+03 5.467693101484101135e+03
5.483216853599956266e+03 5.493592144289630596e+03 5.487108722195327573e+03
5.519012847320551373e+03 5.512455801738746231e+03 5.509415316689624888e+03
5.551252595025374831e+03 5.540007390801170914e+03 5.537733648620130225e+03
5.552999817258549228e+03 5.574849794032902537e+03 5.567912399161416033e+03
5.616048070638563331e+03 5.611663731605452085e+03 5.606075084633748702e+03
5.637861726726688175e+03 5.640116932300117696e+03 5.639198051084190411e+03
5.648695659339157828e+03 5.664581013662696023e+03 5.662658953951195144e+03
5.651691345916001410e+03 5.679050387833900459e+03 5.674548189012621151e+03
5.236083088842396137e+03 5.250137162716834609e+03 5.236556686698349949e+03
5.245117243225102357e+03 5.241351345841178045e+03 5.244995440110430536e+03
5.256036491766247309e+03 5.256189024260938822e+03 5.255541322831214529e+03
5.277155913174142370e+03 5.282360591180047777e+03 5.279593512665736853e+03
5.318876088957877982e+03 5.317221732298965435e+03 5.313436243936057508e+03
5.356030535984458766e+03 5.351091059572618178e+03 5.345822053887180118e+03
5.375652467670676742e+03 5.373049801647294771e+03 5.369404591334614452e+03
5.384128663790951578e+03 5.385096372659818371e+03 5.387199528786778501e+03
5.389958784460205607e+03 5.396949763526487914e+03 5.393263070796622742e+03
5.391080038478481583e+03 5.398287949938736347e+03 5.396082552699441294e+03
5.393972868177320379e+03 5.399178997335856366e+03 5.396594458153062078e+03
5.398032170805287024e+03 5.403159740358455565e+03 5.401061117582980842e+03
5.404836156418405153e+03 5.409674930497931200e+03 5.410672959845558580e+03
5.413174166271787726e+03 5.423089715371071179e+03 5.428807774182057074e+03
5.446274926693558882e+03 5.445265625505821845e+03 5.445724834732093768e+03
5.469524962754229819e+03 5.458894456603910839e+03 5.460365814108758059e+03
5.478978124862042023e+03 5.484537144212013118e+03 5.489958178613786004e+03
5.510016048106334893e+03 5.522160204764600167e+03 5.518128050194484786e+03
5.560548501576776289e+03 5.563635589509327474e+03 5.563430199758014169e+03
5.614795568950524284e+03 5.605582837488615041e+03 5.606268433982581882e+03
5.628556250064079904e+03 5.644913826364121633e+03 5.645994269836790409e+03
5.633947340983513641e+03 5.638355977828494360e+03 5.666834438591656181e+03
5.220061254267608092e+03 5.211702835515984589e+03 5.217802593043270463e+03
5.228787510460401791e+03 5.224820892730810556e+03 5.227679608917713267e+03
5.239583833122233955e+03 5.240595786435170339e+03 5.237606819875386464e+03
5.262370609372296713e+03 5.268817433658076880e+03 5.267807340015381669e+03
5.311269235794693486e+03 5.307837100857820587e+03 5.306568204505380891e+03
5.350975822518550558e+03 5.345216188373623481e+03 5.343151311517469367e+03
5.371857653793391364e+03 5.368773104611506824e+03 5.366880087131875371e+03
5.378813143518754259e+03 5.378944392124318256e+03 5.380839926774261585e+03
5.379970838672918944e+03 5.385594505099802518e+03 5.385751352993978799e+03
5.386480187163156188e+03 5.387797564965751008e+03 5.388588259711857972e+03
5.391585663984958046e+03 5.388200653798216990e+03 5.387770838019854637e+03
5.387864462451559120e+03 5.389513880537702789e+03 5.388326607394463281e+03
5.392219961812688780e+03 5.395318878562184182e+03 5.396772785825090978e+03
5.398623339075505100e+03 5.406709887139149942e+03 5.409080047335249219e+03
5.412634726867770951e+03 5.425882938434479911e+03 5.419039613200357053e+03
5.439992465375686152e+03 5.432606864629152369e+03 5.430046768172051998e+03
5.442775354017826430e+03 5.446322046945996590e+03 5.451083406421572363e+03
5.471675037753259858e+03 5.477794479326792498e+03 5.478424742629514185e+03
5.527558657953573857e+03 5.525018556067884674e+03 5.525048786074772579e+03
5.570727001458751147e+03 5.567066854056991360e+03 5.584432090786577646e+03
5.600573825187037073e+03 5.611307186592955986e+03 5.625585737839319336e+03
5.618403911040435560e+03 5.617891250092538939e+03 5.652013618716086967e+03
5.196491205083957539e+03 5.197010251935399538e+03 5.204758559343844354e+03
5.218679835434811139e+03 5.214970901975007109e+03 5.216197092218136277e+03
5.230633708549536095e+03 5.231811426213798768e+03 5.231112283805171501e+03
5.262190646169425236e+03 5.261500847644971145e+03 5.263984744527142539e+03
5.304223810899409727e+03 5.303706977247205941e+03 5.306691685847174085e+03
5.344631802688916650e+03 5.344589594253217001e+03 5.345306978461623657e+03
5.373280406863823373e+03 5.372634451308832467e+03 5.371638922298853686e+03
5.389249691060931582e+03 5.385610242563774591e+03 5.387622590077318819e+03
5.389720485331958116e+03 5.393489188201798243e+03 5.392449280338439166e+03
5.396247943753224718e+03 5.395744607761781481e+03 5.397817133944863599e+03
5.400618072362113708e+03 5.397572326977113335e+03 5.398641368329759644e+03
5.398324770708361939e+03 5.399084984340775918e+03 5.399378754353580007e+03
5.405355628652292580e+03 5.402400788603747060e+03 5.403977392782502648e+03
5.411144021664653337e+03 5.408532129551411344e+03 5.410830850893396928e+03
5.418029830983665306e+03 5.414826652667080452e+03 5.416985116874187042e+03
5.431856598669239247e+03 5.418382864957324273e+03 5.425089186771370805e+03
5.428316418017418982e+03 5.432954455070236691e+03 5.422781003798343590e+03
5.454258887521414181e+03 5.453699589230162019e+03 5.456086377728245679e+03
5.482788474816186863e+03 5.503901766888977363e+03 5.508726977419813920e+03
5.574857345444446764e+03 5.561017206516979059e+03 5.561509765723847522e+03
5.590547133649034549e+03 5.602090948216212382e+03 5.610423934872012069e+03
5.597926242960284071e+03 5.628298598082909848e+03 5.644052457786418017e+03
5.197324590309829546e+03 5.190687355402734283e+03 5.203521160115297789e+03
5.209502827323357451e+03 5.212194429050121471e+03 5.210812710154954402e+03
5.230678469170959943e+03 5.230384868670993455e+03 5.233305872425517919e+03
5.264080576745610415e+03 5.265189681688518249e+03 5.269029694052203013e+03
5.308122404231807195e+03 5.308816002940741782e+03 5.313317912345825789e+03
5.352659826295857783e+03 5.347370102338661127e+03 5.350966500621894738e+03
5.379022178500211339e+03 5.377733176414144509e+03 5.380915231301389213e+03
5.397861672808479852e+03 5.398390362415282652e+03 5.399456560456738771e+03
5.406924490976403831e+03 5.408205322757018621e+03 5.408349093763563360e+03
5.414503748188242753e+03 5.411702395269396220e+03 5.412543425576191112e+03
5.419415005787598602e+03 5.417008612134959549e+03 5.415690950927180893e+03
5.422765272055835339e+03 5.423339754445465587e+03 5.421729659199898379e+03
5.426595848125385601e+03 5.419799098677804068e+03 5.423260431723721013e+03
5.428390645092744307e+03 5.421535930571775680e+03 5.417718296196750998e+03
5.427365720440689074e+03 5.421082342309167871e+03 5.419671271470864667e+03
5.433114066453467785e+03 5.418743491620934947e+03 5.418864221605333114e+03
5.427139505639491290e+03 5.429017834243803009e+03 5.421374264070339450e+03
5.446045066894916090e+03 5.446868831511284043e+03 5.447413558039147574e+03
5.495356826631422337e+03 5.497769578240359806e+03 5.493048244630476802e+03
5.566021646522198353e+03 5.548655427859626798e+03 5.546153355071863189e+03
5.580860046642606903e+03 5.590488746750000246e+03 5.594330545969332888e+03
5.587874787549334542e+03 5.617965545707569618e+03 5.636880627786722471e+03
5.196601844945849734e+03 5.194142596470710487e+03 5.209019012237751667e+03
5.211747410636182394e+03 5.213627051782577837e+03 5.221674728249496184e+03
5.240687356020995139e+03 5.239148397544873660e+03 5.244583936697466015e+03
5.276905568930351365e+03 5.277929275600186884e+03 5.282485674087589359e+03
5.316279015533342317e+03 5.320387959214676812e+03 5.323161023672539159e+03
5.361202897508906972e+03 5.356894972089639850e+03 5.360327222844672178e+03
5.389914697122955658e+03 5.386920705866938988e+03 5.390489377882169720e+03
5.407766056602484241e+03 5.409667337107026469e+03 5.411729142187785328e+03
5.423059072618877508e+03 5.424800231465760589e+03 5.425578529720639381e+03
5.431558926531601173e+03 5.432242900990497219e+03 5.432057980111608231e+03
5.436800370148858747e+03 5.436135789610948450e+03 5.435246251621958436e+03
5.440535250309252660e+03 5.438833967561732607e+03 5.440093398480099495e+03
5.440343826133401308e+03 5.439344548992474301e+03 5.437587783842336648e+03
5.438540627533226143e+03 5.431491397647262602e+03 5.431297586135817255e+03
5.429160297041045851e+03 5.426860501584452322e+03 5.425550849325657509e+03
5.430163040721933612e+03 5.430092035295157984e+03 5.419107142933042269e+03
5.427313349038248816e+03 5.419865876097445835e+03 5.414939082210372362e+03
5.427826402713075368e+03 5.437253537848825545e+03 5.439779540137673393e+03
5.496568025626523195e+03 5.480434864009225748e+03 5.481638086903081785e+03
5.557773717475838566e+03 5.533249940901885566e+03 5.531346807134314076e+03
5.572545026931740722e+03 5.573599499418182859e+03 5.576000402947712246e+03
5.580132709456062912e+03 5.601204941090981265e+03 5.626444022965267322e+03
5.208728596684334661e+03 5.203573235231195213e+03 5.217064419098330291e+03
5.229615955266475794e+03 5.222398996655974770e+03 5.238139004453043526e+03
5.264431339255120292e+03 5.252623897181703796e+03 5.257411867216824248e+03
5.301183290144226703e+03 5.293018379467276645e+03 5.296543089287858493e+03
5.337239566723805183e+03 5.333167686099522143e+03 5.333556076824360389e+03
5.368810603763408835e+03 5.368223015749165825e+03 5.365592570514164436e+03
5.395182978881149211e+03 5.396816844442432739e+03 5.400137210847692586e+03
5.424066916228869559e+03 5.424646309076400030e+03 5.428290641232404596e+03
5.445889317348505756e+03 5.445151106829241144e+03 5.446588823190170842e+03
5.455562622921289403e+03 5.454575335330647249e+03 5.454812202626579165e+03
5.453773367923340629e+03 5.454854804302468438e+03 5.456280048624745177e+03
5.455903013505181661e+03 5.455118449264637093e+03 5.453172444824651393e+03
5.452396300110757693e+03 5.447683724417112899e+03 5.445251963864142454e+03
5.434982169016101579e+03 5.434658172615196236e+03 5.436591959144998327e+03
5.425051593359467915e+03 5.424865340058830043e+03 5.424943869833528879e+03
5.427322698420297456e+03 5.417030358063907443e+03 5.414872265539061118e+03
5.415712373004115761e+03 5.414684673858064343e+03 5.405429465525553496e+03
5.417787326972799747e+03 5.424007594832912218e+03 5.424520124964911702e+03
5.454183268485024200e+03 5.469541622073452345e+03 5.464202970791339794e+03
5.523505912376799643e+03 5.511609174372954840e+03 5.510641363554575037e+03
5.539515688045747993e+03 5.546755436429037218e+03 5.555828564756684500e+03
5.551524963499331534e+03 5.572935106319934675e+03 5.615305836481693404e+03
5.213773049431671097e+03 5.214337909327943635e+03 5.218769297365359307e+03
5.234610210716885376e+03 5.231264784028265240e+03 5.241878407898738260e+03
5.266754213815908770e+03 5.260954841775052046e+03 5.271112302812879534e+03
5.304150893022600940e+03 5.301618316476024120e+03 5.309333747715994832e+03
5.342975965696504318e+03 5.341719811567232682e+03 5.342556170260409090e+03
5.377576829942858240e+03 5.377160494757134074e+03 5.376738602049955261e+03
5.411457055473699256e+03 5.411874648724661711e+03 5.414346526327529318e+03
5.445566577257221979e+03 5.449157573574998423e+03 5.449981783547380473e+03
5.472996392612484669e+03 5.476160450295851660e+03 5.471031343682109764e+03
5.481919245629434954e+03 5.480206256795832815e+03 5.479121985046397640e+03
5.474171985904165922e+03 5.476518404037615255e+03 5.478037775127359964e+03
5.470338639379482629e+03 5.472492923360969144e+03 5.470859243295749366e+03
5.464495676169706712e+03 5.455145928288219693e+03 5.457791910396073035e+03
5.436151271044768691e+03 5.440256742204201146e+03 5.443937930424436672e+03
5.429424676395758070e+03 5.433762633746454412e+03 5.432390303220199712e+03
5.428039247715640158e+03 5.432274016780614147e+03 5.415086380546223154e+03
5.410024994015435368e+03 5.411550958147001438e+03 5.399633762485140323e+03
5.408043806085902361e+03 5.413327663359412327e+03 5.410480502351861105e+03
5.451981148692290844e+03 5.446064993602766663e+03 5.445378925892358893e+03
5.490118093847711862e+03 5.492012869169202531e+03 5.490841027257065434e+03
5.524371280644768376e+03 5.530098879946648594e+03 5.540408008070896358e+03
5.542566373266558912e+03 5.542189230075177875e+03 5.609781473252426622e+03
5.219216457379835447e+03 5.210521066091534522e+03 5.212759532890319861e+03
5.239656712549977783e+03 5.236946436028534663e+03 5.239453102491806021e+03
5.268767727497558553e+03 5.268777262034486739e+03 5.271431838880554096e+03
5.308822306831006244e+03 5.311007452733804712e+03 5.316476052714601792e+03
5.354895941751764440e+03 5.355924467185071990e+03 5.357394910375071049e+03
5.398623551781525748e+03 5.396686179773288131e+03 5.396193130893423586e+03
5.434562811048423100e+03 5.438082065116022932e+03 5.438482443470586986e+03
5.477507752143646030e+03 5.473196747216924450e+03 5.473906085757306755e+03
5.501683408070868609e+03 5.494505181543707295e+03 5.495650240429202313e+03
5.509289219293455062e+03 5.507939406285313453e+03 5.503212803856252322e+03
5.500859359637635862e+03 5.502009399349233718e+03 5.502290101985215188e+03
5.488914593177911229e+03 5.493285333346607331e+03 5.493882094778909959e+03
5.483295706027833148e+03 5.481584234647609264e+03 5.480336924886440102e+03
5.472090972693928052e+03 5.468517141658809123e+03 5.467297684132782706e+03
5.456117988095828878e+03 5.456909246054313371e+03 5.452686998917693927e+03
5.448306915029717857e+03 5.457229804187681111e+03 5.432823535238773729e+03
5.399338951649334376e+03 5.405057260174435214e+03 5.409846911832869409e+03
5.407019439522182438e+03 5.409351618623470131e+03 5.410927922973462046e+03
5.467411974411144001e+03 5.443851733478963070e+03 5.434535482976806634e+03
5.496045305591792385e+03 5.488827810468860662e+03 5.485601051551843739e+03
5.523532230155412435e+03 5.535172948952577826e+03 5.540486880180198568e+03
5.553466136409766477e+03 5.578099816979888601e+03 5.608742882228351846e+03
5.222157095868482429e+03 5.188583246490810780e+03 5.196190321999813023e+03
5.245530669704606225e+03 5.225675564285114888e+03 5.222453133021739632e+03
5.278125772178182160e+03 5.280775152535758934e+03 5.271286540509250699e+03
5.327586105474590113e+03 5.330491512134204640e+03 5.331212538570634024e+03
5.385878831018174424e+03 5.384355823335702553e+03 5.386173517455375077e+03
5.430597263739941809e+03 5.428006697320113744e+03 5.430372006849525860e+03
5.464963862048787632e+03 5.465145400822022566e+03 5.465976267146567807e+03
5.495575685285579311e+03 5.495777738343461351e+03 5.500751811829668441e+03
5.524182276693353742e+03 5.515355315011197490e+03 5.520352920325995910e+03
5.532193083196422776e+03 5.533634698663795461e+03 5.528894805714664471e+03
5.534261991129392300e+03 5.530098416424390962e+03 5.530894209894637243e+03
5.523976760249563995e+03 5.524939316818408770e+03 5.523793880528765840e+03
5.516047941599166734e+03 5.516236016741759158e+03 5.513627139315009117e+03
5.508161611885238017e+03 5.509916002861978086e+03 5.507657125380350408e+03
5.502403924233331054e+03 5.503311655059980694e+03 5.497841644243716473e+03
5.479026748185870929e+03 5.469208871827439907e+03 5.471285277214574307e+03
5.443092925793541326e+03 5.448551499387932381e+03 5.447022609048528466e+03
5.429363507314545132e+03 5.438454391482066967e+03 5.437007705575594628e+03
5.458770322437637333e+03 5.462708934344057525e+03 5.457875229485278396e+03
5.514436976057647371e+03 5.514342982604966892e+03 5.506908985640908213e+03
5.553365010535799229e+03 5.568691974815762478e+03 5.562231850663908517e+03
5.620746018256208117e+03 5.618783832115951554e+03 5.615036567226038642e+03
5.165385224632535937e+03 5.162914101163959458e+03 5.164043378730585573e+03
5.206786454633119320e+03 5.209170206058614895e+03 5.218521290433483955e+03
5.299980120272789463e+03 5.275272408209969399e+03 5.287659404309179081e+03
5.363943562905609724e+03 5.366559830499021700e+03 5.354478354945710635e+03
5.424696750219917703e+03 5.420475730857166127e+03 5.418483941489026620e+03
5.458942477669683285e+03 5.456792034500178488e+03 5.458147918626686987e+03
5.485125676263333844e+03 5.482429657536049490e+03 5.487168374143911024e+03
5.507736342557609532e+03 5.510551446192840558e+03 5.516580424917542587e+03
5.533749774937366965e+03 5.534658141269683256e+03 5.541198139066858857e+03
5.558955471999237488e+03 5.554082685732828395e+03 5.555379407179368172e+03
5.564886496738941787e+03 5.559834438299747490e+03 5.557049683884684782e+03
5.556956270782517095e+03 5.558024498881834916e+03 5.556845582591668062e+03
5.552023277807358681e+03 5.552283944567367143e+03 5.557530399108367419e+03
5.556179727490427467e+03 5.559531891796848868e+03 5.560238022658433692e+03
5.555369426115612441e+03 5.561608533778157835e+03 5.554630396358564212e+03
5.531241948427017633e+03 5.531313062136594453e+03 5.526329336519841490e+03
5.494841024037556053e+03 5.494840970665426539e+03 5.496653738996067659e+03
5.472522206949230167e+03 5.483964680261646208e+03 5.484035577802994339e+03
5.500857723841929328e+03 5.504841141046802477e+03 5.503542552441322186e+03
5.559193843238327645e+03 5.554453285656994922e+03 5.553725438225827020e+03
5.634552956089573854e+03 5.613149729950499022e+03 5.610555220174026545e+03
5.662660563672599892e+03 5.649245421560034629e+03 5.662224506890755947e+03
5.136018162670793572e+03 5.126411209420367413e+03 5.141072303041421037e+03
5.191627472072836099e+03 5.198326402839503316e+03 5.211864464324355140e+03
5.326703543735861786e+03 5.288439980301921423e+03 5.305555426897583857e+03
5.397624290333136742e+03 5.399622539524048989e+03 5.382692798302111441e+03
5.449081785922451672e+03 5.445598017208398232e+03 5.437128793703002884e+03
5.475279870765180021e+03 5.474584305488879181e+03 5.472390005892497356e+03
5.498498466325722802e+03 5.496638602588312096e+03 5.495907254694367111e+03
5.522499103917803041e+03 5.527166447651084127e+03 5.525666302307542537e+03
5.555127342271964153e+03 5.552418043796267739e+03 5.554109790418558987e+03
5.585694625227017241e+03 5.579788769269599470e+03 5.577898086940615030e+03
5.591116054011660708e+03 5.592439952680534589e+03 5.590089374660339672e+03
5.591529477938497621e+03 5.596350503093864972e+03 5.596534711759299171e+03
5.599007757767193652e+03 5.599048620613792991e+03 5.608175847099952989e+03
5.630950274207662005e+03 5.610430892621887324e+03 5.614863796627892953e+03
5.629990377076108416e+03 5.613768427831576446e+03 5.612231501804227264e+03
5.584528835493410043e+03 5.589773918487107949e+03 5.587603248102716861e+03
5.569902269139679447e+03 5.555469343794911765e+03 5.557792759914304042e+03
5.576366405793742160e+03 5.550370519699849865e+03 5.550705158834976828e+03
5.582565980346056676e+03 5.573495451512499130e+03 5.568796022589361201e+03
5.617802230891165891e+03 5.621146209444571468e+03 5.617810316708889331e+03
5.677064108957273675e+03 5.670215583937625524e+03 5.667429182086585570e+03
5.702588877974148090e+03 5.709760949727979096e+03 5.716177355209126290e+03
5.121186504702308412e+03 5.134013105735725730e+03 5.141306855710782656e+03
5.196522243083359172e+03 5.198158592206849789e+03 5.221506727320039317e+03
5.296183624426520510e+03 5.289657982428366267e+03 5.325566048522809979e+03
5.415286982356673434e+03 5.392187186934463170e+03 5.397809749559138254e+03
5.455931642968683263e+03 5.456663851849587445e+03 5.445017017636741002e+03
5.486349046175982949e+03 5.481793033949442361e+03 5.477003044143321858e+03
5.513444405321642989e+03 5.504376400474037837e+03 5.500571241186148654e+03
5.542348138142938296e+03 5.535809950941705210e+03 5.531738620215855917e+03
5.580708009700375442e+03 5.565874736500501058e+03 5.568152008106696485e+03
5.600951787918538685e+03 5.600765818730968022e+03 5.596463440680728127e+03
5.628377118838247043e+03 5.619878612873123529e+03 5.618654311088929717e+03
5.624418156677490515e+03 5.631987654587705038e+03 5.637058224945980328e+03
5.639341584832217450e+03 5.643993132387955484e+03 5.647475826472345943e+03
5.668837380600945835e+03 5.657241480746189154e+03 5.657069014574914945e+03
5.671596474401296291e+03 5.653742674725758661e+03 5.653925219143855429e+03
5.614078399832697869e+03 5.632354649502939537e+03 5.640020128728484451e+03
5.617178395837176140e+03 5.620570992547385686e+03 5.625628356655831340e+03
5.633109484806153887e+03 5.632384401526622241e+03 5.624288236418086854e+03
5.654255626681342619e+03 5.642452820328708185e+03 5.652371583338403980e+03
5.683980435193181620e+03 5.683389405587640795e+03 5.689579446141880908e+03
5.718649397525471613e+03 5.742088146596465776e+03 5.732436756583900205e+03
5.740622979518719148e+03 5.769733325969415091e+03 5.774509488986691395e+03
5.161806777784779115e+03 5.164714437930872009e+03 5.175025281536313742e+03
5.233278873569069219e+03 5.244714047502634457e+03 5.259872788014833532e+03
5.317677331214137666e+03 5.320280367734412721e+03 5.351469816765608812e+03
5.421490487855073297e+03 5.397917548409614938e+03 5.416703701496830035e+03
5.462052953901385081e+03 5.461494289093202497e+03 5.454104310970286861e+03
5.499140429674701409e+03 5.492046323067300364e+03 5.483354394579924701e+03
5.537552630771856457e+03 5.524135143375377993e+03 5.515237377478176313e+03
5.553700346638833253e+03 5.553492937767927287e+03 5.548267045828612027e+03
5.586554328344636815e+03 5.581102259025989042e+03 5.583099587645958309e+03
5.611328534393654081e+03 5.615554476902800161e+03 5.616612763336231183e+03
5.650468565854739609e+03 5.646144422558121732e+03 5.639109433967437326e+03
5.662999650101272891e+03 5.656767445578852858e+03 5.662287686801339078e+03
5.672353024776180973e+03 5.684242957759588535e+03 5.672311704447904049e+03
5.688576889002805729e+03 5.681073792611246063e+03 5.688643498966717743e+03
5.694331103529791108e+03 5.701255180391989597e+03 5.695969133135765333e+03
5.676796980605461613e+03 5.683247961384066912e+03 5.689283208763332368e+03
5.664060751989109121e+03 5.688991622823610669e+03 5.688604668264295469e+03
5.704366494732064893e+03 5.697549577179363041e+03 5.698126325634435489e+03
5.712164033506678606e+03 5.712052112114501142e+03 5.719568156089637341e+03
5.753910118975903060e+03 5.755541731266362149e+03 5.752137130024065300e+03
5.809980421893878884e+03 5.797992922257029932e+03 5.788309581694388726e+03
5.829865167961144834e+03 5.822832177605508150e+03 5.823377846413105544e+03
5.218299656723535008e+03 5.211422087692767491e+03 5.220528328739489552e+03
5.327383546937003302e+03 5.292340634552084339e+03 5.302706285708476571e+03
5.382343641612256761e+03 5.357898837321382416e+03 5.379162741260517578e+03
5.430996292308715965e+03 5.432445979831182740e+03 5.432602391495663142e+03
5.475475895252870941e+03 5.471473415372360250e+03 5.469688291854111412e+03
5.511736818694688736e+03 5.511744216637678619e+03 5.502005755958834925e+03
5.545485604051231348e+03 5.550684396558141998e+03 5.540757157167165133e+03
5.575586604117860588e+03 5.571446230649353311e+03 5.572868695797034889e+03
5.596995167740451507e+03 5.597154037505875749e+03 5.600983721275581956e+03
5.625957628418860622e+03 5.625872984544362225e+03 5.634500918656642170e+03
5.670728422884629254e+03 5.655703671892069906e+03 5.657222041635169262e+03
5.684629831446683056e+03 5.682892874997288345e+03 5.680312005827598114e+03
5.695333751072774248e+03 5.695283444144693931e+03 5.695658112814442575e+03
5.707465198648773367e+03 5.708946139871355626e+03 5.713520165440040728e+03
5.727032981221490445e+03 5.724489687788129231e+03 5.729064382989228761e+03
5.747455866569101090e+03 5.744272509406415338e+03 5.737446604979747462e+03
5.756305311980333499e+03 5.758177499247673040e+03 5.748103822270593810e+03
5.765752402790044471e+03 5.756341521235744040e+03 5.755911748359020748e+03
5.775746822320529645e+03 5.764738800952378369e+03 5.772392278685784731e+03
5.792875590049180573e+03 5.774718187467067764e+03 5.797000060841789491e+03
5.835079088836457231e+03 5.830141217133769715e+03 5.826438948130015888e+03
5.850245156406170281e+03 5.853619170137584661e+03 5.854086834342209841e+03
5.278190591621128988e+03 5.264076353049780664e+03 5.262843432343105633e+03
5.350782110971278598e+03 5.341537597516623464e+03 5.340933788920263396e+03
5.400493929732549077e+03 5.398009085499376852e+03 5.404001035754825352e+03
5.450935610439753873e+03 5.446526839467221180e+03 5.450468349650665004e+03
5.494795655265866117e+03 5.492188596113958738e+03 5.484347872866715079e+03
5.540319221812600517e+03 5.535410150108604284e+03 5.528546034530971156e+03
5.569057891625487173e+03 5.571851829734186140e+03 5.569673056426151561e+03
5.597525275346691160e+03 5.596994175075681596e+03 5.597587654460757221e+03
5.629072999745325433e+03 5.622892027945554219e+03 5.623125294847258374e+03
5.644162804035483532e+03 5.650423373279151747e+03 5.649363286708592568e+03
5.683401687432625295e+03 5.668526646626649381e+03 5.675546733323290027e+03
5.697762151345342318e+03 5.700078973444691655e+03 5.701705032731438223e+03
5.713302178204971824e+03 5.714866096519864186e+03 5.713797276496969971e+03
5.731935942854014684e+03 5.732318881309503922e+03 5.733319898720854326e+03
5.752768859423427784e+03 5.751235433741879206e+03 5.754503247701057262e+03
5.775578323346339857e+03 5.771917600159517860e+03 5.775147183819908605e+03
5.784691168424576972e+03 5.785185117473388345e+03 5.789557723937752598e+03
5.792046473526075715e+03 5.798843805445500948e+03 5.800763987583914968e+03
5.802336831631906534e+03 5.806467532776279768e+03 5.808159656373468351e+03
5.815289252762009710e+03 5.824284335203172304e+03 5.824293208316823439e+03
5.840404356054477830e+03 5.844393933855808427e+03 5.847647814633318376e+03
5.857643218114407318e+03 5.863101913647054062e+03 5.869472622237102769e+03
5.309049976095158854e+03 5.296416170343435624e+03 5.294089547760015193e+03
5.375203298579558577e+03 5.366630304380864800e+03 5.367879291949116123e+03
5.426435184441993442e+03 5.410596059231213985e+03 5.429771164091175706e+03
5.469166373742364158e+03 5.473585441821057429e+03 5.466554895661537557e+03
5.524142731372792696e+03 5.523173530171815401e+03 5.516188598032194022e+03
5.560167935755933286e+03 5.563000337290211974e+03 5.560473207165531676e+03
5.592795856154954890e+03 5.591669289796263911e+03 5.592885252928927002e+03
5.622712933634865294e+03 5.621604301026794928e+03 5.619972724760851634e+03
5.650342855278521711e+03 5.647462696617139045e+03 5.646986987528243844e+03
5.679118303134767302e+03 5.672018983218094036e+03 5.673200273266962540e+03
5.701320689067312742e+03 5.698951809137603050e+03 5.697748142042488325e+03
5.716863509203704780e+03 5.719124090389467710e+03 5.720209371696164453e+03
5.735517896581674904e+03 5.736392911276730047e+03 5.736021740914451584e+03
5.756355798647775373e+03 5.756204293528369817e+03 5.756787756639053441e+03
5.771206358322798224e+03 5.776075956250007948e+03 5.780042803947135326e+03
5.796628106891667812e+03 5.797671930837685977e+03 5.798558731566985443e+03
5.816935072437574490e+03 5.816245024874252522e+03 5.813738158808760090e+03
5.825955945257715030e+03 5.822449732945566211e+03 5.827459265730811239e+03
5.828923557344484834e+03 5.828513951858670225e+03 5.832089211912833889e+03
5.832954562863376850e+03 5.833536075682813134e+03 5.841539748417398187e+03
5.844424487298940221e+03 5.849449608797313886e+03 5.852859552132767021e+03
5.852906937313474373e+03 5.863792761662578414e+03 5.870143198771334937e+03
5.320075494189425626e+03 5.304696888240538101e+03 5.315105136193345970e+03
5.371104781389172786e+03 5.375802193487243130e+03 5.392804400394875302e+03
5.449807340280102835e+03 5.427786759536925274e+03 5.429594679277804062e+03
5.501854338246753287e+03 5.505812386406900259e+03 5.497807738926157981e+03
5.551405929324905628e+03 5.548347605295586618e+03 5.548731303489641505e+03
5.582076599343031376e+03 5.581901717279349214e+03 5.586687056242977633e+03
5.618587278168564808e+03 5.613478831457222441e+03 5.617823050976948252e+03
5.638905179231584043e+03 5.641749472544778655e+03 5.642985563789873595e+03
5.670819921697753671e+03 5.669791741485728380e+03 5.668986750834935265e+03
5.696378506762519464e+03 5.696668897797644604e+03 5.694314924933272778e+03
5.717066915278985107e+03 5.717181128659192836e+03 5.717947741998475976e+03
5.738816677884107776e+03 5.737639065271459913e+03 5.737370674596748358e+03
5.759834762452454015e+03 5.759174225624251449e+03 5.759046304843873259e+03
5.778301098513653415e+03 5.778281525752202469e+03 5.776809443606688546e+03
5.792667943590342475e+03 5.792906017551268633e+03 5.797839212489562669e+03
5.820840076044503803e+03 5.817369518201264327e+03 5.818427087414284870e+03
5.837362497262752186e+03 5.833251194871989355e+03 5.832388561775589551e+03
5.843167278391162654e+03 5.843517568205669704e+03 5.843015054107822834e+03
5.845132792946110385e+03 5.847137544275007713e+03 5.847223033421912987e+03
5.846781355702984911e+03 5.847418540094377022e+03 5.847462730917065528e+03
5.844818997278400275e+03 5.847001560505306770e+03 5.855440129422730024e+03
5.840998234928356396e+03 5.867551100477011460e+03 5.865387641305663237e+03
5.326377338783996493e+03 5.318447197765121928e+03 5.321076121118927404e+03
5.373985096001853890e+03 5.388761330563115735e+03 5.403970615345654551e+03
5.453603031797225412e+03 5.459810333283500768e+03 5.453222194636622589e+03
5.525667617341568985e+03 5.518006884607275424e+03 5.523215483543995106e+03
5.570905249243493017e+03 5.567959999781473016e+03 5.576627881573895138e+03
5.613559075398383357e+03 5.609985649493040910e+03 5.610457061942190194e+03
5.653773330612866630e+03 5.639656565786493047e+03 5.640765090928043719e+03
5.664593801884408094e+03 5.668439797300509781e+03 5.666325634880085090e+03
5.694777919805617785e+03 5.687095578889197895e+03 5.689597420489277283e+03
5.711570775550185317e+03 5.711931195644471700e+03 5.710036556538723744e+03
5.732802367235149177e+03 5.731901263226096489e+03 5.732073212145664002e+03
5.751830339633361291e+03 5.753541874268433276e+03 5.751804838941808157e+03
5.775923439063662954e+03 5.775789017862547553e+03 5.776866170671273721e+03
5.796296504009477758e+03 5.795388207029704972e+03 5.793618736400228045e+03
5.809741243626737742e+03 5.810116429124643219e+03 5.812444475235334721e+03
5.820085294924819209e+03 5.831193654192192298e+03 5.831853253532553936e+03
5.850628996516509687e+03 5.843668008158592784e+03 5.846270827977551562e+03
5.855494880285072213e+03 5.855542434134842551e+03 5.856799195334565411e+03
5.855971520164984213e+03 5.856361669004852956e+03 5.860386169778081239e+03
5.857362580696662008e+03 5.853407409751393971e+03 5.859524358320220927e+03
5.853848617744798503e+03 5.851767253564454222e+03 5.857606876587339684e+03
5.847752105352745275e+03 5.867990473539793129e+03 5.857732888355845716e+03
5.336306694726020396e+03 5.325109542464863807e+03 5.331994553968727814e+03
5.405955439161799404e+03 5.405515537106902229e+03 5.410778060914304660e+03
5.482731920568727219e+03 5.474766429977260486e+03 5.481102817603818949e+03
5.552977975926559338e+03 5.542682592968862082e+03 5.540464268025003548e+03
5.584740236270179594e+03 5.586198234777413745e+03 5.592716993857236957e+03
5.633751641751952775e+03 5.630466557039058898e+03 5.629557979053050985e+03
5.669253310261037768e+03 5.661088046986630616e+03 5.660134031541175318e+03
5.681282838948939570e+03 5.687906030166685014e+03 5.685058296107558817e+03
5.703327097055526792e+03 5.702604100179303714e+03 5.705680811721003010e+03
5.721745396186507605e+03 5.725007916083784039e+03 5.724699517932069284e+03
5.738274422071805020e+03 5.741352732565387669e+03 5.744662691831834309e+03
5.761115073340663002e+03 5.764837066071599111e+03 5.762083581113346554e+03
5.786269834390015603e+03 5.786195016006215155e+03 5.785704602622067796e+03
5.804558969856551812e+03 5.808214815235040987e+03 5.807205263877508514e+03
5.820996346585402534e+03 5.822611661473518325e+03 5.824001636840167521e+03
5.831668176727139326e+03 5.838300214713361129e+03 5.840205689340726167e+03
5.848538425500911217e+03 5.854377585844619716e+03 5.853190216344895816e+03
5.864601078078324463e+03 5.864485371020597995e+03 5.865493606507230652e+03
5.868178740211527838e+03 5.864485962785362972e+03 5.872733843030168828e+03
5.867774651328479194e+03 5.862482995092321289e+03 5.872067601554998873e+03
5.863729563443803272e+03 5.858009343798507871e+03 5.862102349797558418e+03
5.858132987054136720e+03 5.856264378632966327e+03 5.861530951242571973e+03
5.366044945338463549e+03 5.346799355926944372e+03 5.347270496315014498e+03
5.435870129311943856e+03 5.436917321142364017e+03 5.433681012021478637e+03
5.512848632644928330e+03 5.503201084461228675e+03 5.501082937036612748e+03
5.560473183597752723e+03 5.562213173463508610e+03 5.560204186163650775e+03
5.606964580366774499e+03 5.606023352817776868e+03 5.606338789199809071e+03
5.642143420406809128e+03 5.644547476474565883e+03 5.638904659124982572e+03
5.675654550933193605e+03 5.674718022537729667e+03 5.670902184982961444e+03
5.697313209875428583e+03 5.700417971451226549e+03 5.696705090462249245e+03
5.721344902260395429e+03 5.716852429086258780e+03 5.717486637828672428e+03
5.739936975768170669e+03 5.736201988251945295e+03 5.736014395657638488e+03
5.749059869704578887e+03 5.754223679837896270e+03 5.755754884011204012e+03
5.771343537266011481e+03 5.771087147872671267e+03 5.772834348510165910e+03
5.795412338473848649e+03 5.793141415525507909e+03 5.792371031371112622e+03
5.812234697889477502e+03 5.814895313945350608e+03 5.812257064963308039e+03
5.827097745051519269e+03 5.828475875485709366e+03 5.829369432979759040e+03
5.847003022130341378e+03 5.844301413682434031e+03 5.842740926387749823e+03
5.859427817888234131e+03 5.858226131461740806e+03 5.856260655149065315e+03
5.864302881338278894e+03 5.869974621557289538e+03 5.867435761113199987e+03
5.866406870619629444e+03 5.879399929645464908e+03 5.876487559725327628e+03
5.875477242910526911e+03 5.875570772117780507e+03 5.871411388501036527e+03
5.875789479236303123e+03 5.875370567230323104e+03 5.869373324742984551e+03
5.874361465708725518e+03 5.874984398167841391e+03 5.864833785018798153e+03
5.347217042772200330e+03 5.375151182920288193e+03 5.372901926771304716e+03
5.481272853658737404e+03 5.463449950831511160e+03 5.458792324959619691e+03
5.528350301703818332e+03 5.523218411378267774e+03 5.521070081385021695e+03
5.573249213566633443e+03 5.569361271703115563e+03 5.571274207926444433e+03
5.604370114599450062e+03 5.608653860835293926e+03 5.611929783211100585e+03
5.643011843603586385e+03 5.638962745872031519e+03 5.641859594135121370e+03
5.668763869694279492e+03 5.668664569308757564e+03 5.670773595130645845e+03
5.693460679641289062e+03 5.695662453439378623e+03 5.698169062313711947e+03
5.721933314942332800e+03 5.722088329188987700e+03 5.722841336230785600e+03
5.745213145268834523e+03 5.745518811625216586e+03 5.745661071103439099e+03
5.756939358033715507e+03 5.762457147986088785e+03 5.764048383629682576e+03
5.784347807152516907e+03 5.781726095688525675e+03 5.781672073387230739e+03
5.799659066990802785e+03 5.800602761800962980e+03 5.800062196477782891e+03
5.817141428149059720e+03 5.817739668101874486e+03 5.816517728819458171e+03
5.831866038489359198e+03 5.830589621175881803e+03 5.831515516559813477e+03
5.837591227502764013e+03 5.846463799653351089e+03 5.843726858157906463e+03
5.857397753317726711e+03 5.859168791052315100e+03 5.856333610303484420e+03
5.868977927324543998e+03 5.871623005909627864e+03 5.869038435790333097e+03
5.872576964746473095e+03 5.881327230010518178e+03 5.876939048976067170e+03
5.872027425003027020e+03 5.876688254980365855e+03 5.875810359454011632e+03
5.874138282565876580e+03 5.878425862703867097e+03 5.875133708201722584e+03
5.876266881884841496e+03 5.869668130423541697e+03 5.875600640296156598e+03
5.402484608582530200e+03 5.404927972025265262e+03 5.411507205796814560e+03
5.499680935021244295e+03 5.474490815831816690e+03 5.477116461555870956e+03
5.537507239413645948e+03 5.536213707055362647e+03 5.531867045347095882e+03
5.574038044914954298e+03 5.575231943744143791e+03 5.576071785122703659e+03
5.605633295811284370e+03 5.607289940884221323e+03 5.607466052151617987e+03
5.636305848718702691e+03 5.634849065966115631e+03 5.636855786688121043e+03
5.662882087069335284e+03 5.664554427513331575e+03 5.663462467732194455e+03
5.692788866550089551e+03 5.690494845720452759e+03 5.694552877200433613e+03
5.721410799212802885e+03 5.721658979042819738e+03 5.722390233137017276e+03
5.748914490534337347e+03 5.750912819962098183e+03 5.751577742356113049e+03
5.771902974481678029e+03 5.771774039182168053e+03 5.771905093871683675e+03
5.791309245276908769e+03 5.790146683393373678e+03 5.789674651322461614e+03
5.806820683375704903e+03 5.807488375723859463e+03 5.805402195828150980e+03
5.820574489946740869e+03 5.822092731514288971e+03 5.818907542289404773e+03
5.829790138346791537e+03 5.830151120178754354e+03 5.832560440861479947e+03
5.842245164943507007e+03 5.841821398200457224e+03 5.847211478325788448e+03
5.855296980739783066e+03 5.857891159519822395e+03 5.860293886935996852e+03
5.867966509593628871e+03 5.871435595731635658e+03 5.870625431330157880e+03
5.874528610932864467e+03 5.872556068679011332e+03 5.879084548609863305e+03
5.877495336975743157e+03 5.873926285149222167e+03 5.880834595346107562e+03
5.879846890289934890e+03 5.874012085302007108e+03 5.879382272942888449e+03
5.880807121827027913e+03 5.873828677548070118e+03 5.875957084933109400e+03
5.435322787326716025e+03 5.435463365470037388e+03 5.441286233866798284e+03
5.501044140218838947e+03 5.493022994888041467e+03 5.494680143426423456e+03
5.535836459592641404e+03 5.537452695954361843e+03 5.541447099280770999e+03
5.571127483116240910e+03 5.573097061637240586e+03 5.580953738540351878e+03
5.603053147364234974e+03 5.603388390325077125e+03 5.601663727076333089e+03
5.630848183855652678e+03 5.629481941664240367e+03 5.631402805141353383e+03
5.658297108145387028e+03 5.655522026794812518e+03 5.657414233707615494e+03
5.690408888265071255e+03 5.685537149380308620e+03 5.689321885923501213e+03
5.721532581410505372e+03 5.719742066276115111e+03 5.720518909442572294e+03
5.752290492304987310e+03 5.749474329834572018e+03 5.753006540299168591e+03
5.775814201922563370e+03 5.777816019671277900e+03 5.776409541923845609e+03
5.794364961607049736e+03 5.794184734224894783e+03 5.793201782822919085e+03
5.810172138822513261e+03 5.810435152574724270e+03 5.806104200538930854e+03
5.827123692126991045e+03 5.825372143001470249e+03 5.823785405367710155e+03
5.834270402717088473e+03 5.839086123605944522e+03 5.837749286792945895e+03
5.848246537035510300e+03 5.852882409940360958e+03 5.855195160022385608e+03
5.863834925616250075e+03 5.867769001101536560e+03 5.867637840553034039e+03
5.879096758940179825e+03 5.879054102642508951e+03 5.876542981035784578e+03
5.878835169940621199e+03 5.880192982817867232e+03 5.881274539159024243e+03
5.881579617335581133e+03 5.879365060070424079e+03 5.881666292986849840e+03
5.882649847157278600e+03 5.877566239486232007e+03 5.879132732680272056e+03
5.882706880923821700e+03 5.875980415709535009e+03 5.875945823093886247e+03
5.466349854382802732e+03 5.465461895824506428e+03 5.469318808993418315e+03
5.498940050539246840e+03 5.509135545958339208e+03 5.507751651698366913e+03
5.527043065884096904e+03 5.530754292604715374e+03 5.546450709684113463e+03
5.559673771358723570e+03 5.565431694758766753e+03 5.580314746966545499e+03
5.595027992416197776e+03 5.600417656111428187e+03 5.587044324447019790e+03
5.624825974812417371e+03 5.631536276517201259e+03 5.612455873813596554e+03
5.652252909604667366e+03 5.648117763535514314e+03 5.634182175143135282e+03
5.682863625785538716e+03 5.678831734508852605e+03 5.663448556260901569e+03
5.719080767599535648e+03 5.719608323706495867e+03 5.704489177503136489e+03
5.751827559300765643e+03 5.747078704263542022e+03 5.737835086373368540e+03
5.776408027728582965e+03 5.777664305524073825e+03 5.766395887815523565e+03
5.795301290812292791e+03 5.795583000277221799e+03 5.794912788839767018e+03
5.811986725664412006e+03 5.810546107996735373e+03 5.815385734161805885e+03
5.831580647190929994e+03 5.829322908749963972e+03 5.828867936024819755e+03
5.841262636001709325e+03 5.853185943689778469e+03 5.848800325610962318e+03
5.870933418827745299e+03 5.865727729890472801e+03 5.864940554335401430e+03
5.882048674848040719e+03 5.877453068537992294e+03 5.877556180348232374e+03
5.888211562075810434e+03 5.887478157690914486e+03 5.883852541569875029e+03
5.882390574218657093e+03 5.886350277505056511e+03 5.885950811843933479e+03
5.883846168183106784e+03 5.883128253266251704e+03 5.884920211392264719e+03
5.884099441600362297e+03 5.879510769995649753e+03 5.881742342741754328e+03
5.883649804189731185e+03 5.876687239953891549e+03 5.878080451890075892e+03
