-1.332860312259981583e+00
-2.174684576731124253e+00
-3.985441549083589052e+00
-1.542954272374845459e+01
5.269390986543839972e+00
2.250670366034682957e+01
nan
7.506291514557960909e+01
5.521146797724850330e+01
7.358882044000165479e+01
nan
9.421496373852278339e-01
6.559834586491342634e+01
4.088175912793303723e-01
1.870992516761853039e+02
-6.196564916722309135e+00
7.985992015446754522e-01
4.440775552171180607e+01
1.067446503559440316e+02
5.997560079653339926e+00
5.303087738984686439e+00
-1.339659109711647034e+00
1.196287524105400735e+02
-1.693103952005549218e+01
4.073318893175382982e+01
5.166182307999406476e+00
1.232380174730133149e+01
-1.568488217080812319e-01
1.443940187826074180e+02
1.162968071366776712e+00
1.571903362157536321e+02
-6.143145892696338706e+00
-1.301606932561298891e+00
2.560887995156463148e+01
7.268051560649109888e+01
-2.543292940171522787e+01
5.073396983139900840e+00
7.887672036988078617e+00
1.507798776655081383e+02
5.880280643250443973e-01
-2.054949467665210250e+00
-9.062366353909965255e-01
9.550759934300003806e-01
-4.112673213663401839e+01
1.816293829630512846e+02
6.542726856027911708e+00
1.677339619755002786e+00
9.436782395814589108e-01
2.338997981738702947e+02
-3.154751342754025245e-02
2.443287932434941467e+00
-3.882888779326913209e+01
-2.512077399118970789e+01
1.376520334620454378e+01
9.883888201602530899e-01
-8.941870294211184955e-01
1.648150714540224726e+01
-1.070572932812865474e+00
-3.830991569923753559e+00
1.028648526696088084e+00
1.207538743152053939e+01
2.979384375195877510e+00
4.103816825945432356e+01
1.837544703046660288e+00
9.130829901526340109e+00
-5.904358019834035076e-01
3.657881579070817679e+00
2.695454929556035495e+00
-2.765147458961109805e+00
1.298529639853313711e+01
-2.544998978723924665e+00
3.637868021502981719e+00
-5.083053745204779261e+00
-2.850194028915211675e+00
5.426806886362101068e+00
6.483562047193117905e+00
nan
-3.728436756709925248e+00
-3.553429278875228192e+00
nan
nan
-3.020180294211058936e+00
-1.961594368487567408e+00
-2.772442741888880846e-01
1.004041748051258764e+01
-2.324891379305881856e+00
2.748152336711427779e+00
-5.854307809050169453e+01
-8.309683502376174147e+00
-8.026753929440928914e+00
-2.939377462575066602e+00
-7.889621022171013465e+00
-4.825366290980127815e+00
-2.106478491293446496e+02
-3.141159047459314024e+01
1.150698681513677002e+01
3.823961901121947449e+00
-2.696351419991515286e+00
-4.553008427009444858e+00
-1.482838767008797731e+01
1.044202192000375362e+01
9.147063534055632772e-02
-2.180344827229419025e-01
1.462668127540764544e+02
1.191915727395098656e+00
1.229485348286498265e+02
3.774008354998841241e+00
-2.583369513111392735e+00
-2.035990891783512780e+00
5.296466117067211599e+00
-4.101394666146006784e+00
5.193231878602091456e-01
-1.313015573752272758e+01
3.448346411178135895e+00
nan
1.925252414639544440e+00
2.561629167847058852e+00
-9.217094646575787920e+00
1.587855105390190147e-02
-6.611435863752376463e+00
4.503578855613341148e+00
nan
-2.809047786429800908e+00
-3.787369706305980799e+00
-1.711050436887944670e+01
-3.687949673259936390e+00
-2.074450200238061370e+00
3.081267009208204399e+00
3.542152431085014541e+00
2.165857958478227374e+00
1.758537101262845681e+00
6.624451233413583395e+01
2.228425758024968673e+00
7.178149466739341733e+00
-1.166779253000549943e+01
-1.452426766611097264e+00
-1.767910115553604555e+00
-5.777660723339977267e+00
-2.677075755345049402e+01
-5.432882291643181816e-02
2.000483270126733260e+01
nan
7.553529960903779283e+01
5.219085300220467616e+01
7.190257695133095694e+01
nan
-2.439918697227767552e-01
6.066000914532196475e+01
-2.546226126787587418e-01
1.834583358344279986e+02
-7.558593887924871524e+00
1.278187742726913712e+00
3.518804280189760902e+01
9.856337083805283328e+01
7.354654481760007911e+00
9.884217263932441710e+00
-8.777142361763253575e+00
1.138937591095609605e+02
-1.745217842890451720e+01
3.623022299679632852e+01
4.711719856594754674e+00
2.157598948806480621e+01
-3.200085897099597787e+00
1.369745493829341285e+02
1.442190862764618942e+00
1.491745125112802270e+02
-3.808795819914848835e+00
-9.971933448050549487e-01
3.114975626365412609e+01
6.583924803784066171e+01
-2.750371457024630217e+01
4.109505065333905804e+00
1.120481654435207020e+01
1.420986947696956122e+02
-4.135151418495297548e-01
4.388501688606993412e+00
-9.238942254642097396e-01
3.520925455792166758e+00
-3.785266306064568198e+01
1.761739321771665345e+02
9.861915042361033557e+00
3.644909631248992810e+00
-8.591522649650869425e+00
2.252424841241036120e+02
-9.306625380859259167e-01
3.465257639341871254e+00
-3.727423528907002037e+01
-2.792381572346312169e+01
1.208037944535681163e+01
-2.897446156476689794e+00
-9.060605111010772816e+00
1.420995010870046826e+01
-5.683023647916343180e+00
-6.548803794878040208e+00
-5.540996422449097736e+00
1.824853327937853464e+01
1.811366332266516110e+00
3.528006930057108548e+01
3.540516015467801481e+00
1.962509237683298124e+01
-1.745081052810928668e+01
-1.909395863107420155e+00
2.525401690576472902e+00
-5.466851278197282227e+00
1.422056208159847301e+01
-3.334578333848185139e+00
5.091219933739921544e+00
-6.146114147094522195e+00
-3.072229788726872357e+00
5.319544028142445313e+00
7.902148812172526959e+00
nan
-5.754789638365764404e+00
-3.317267477063069236e+00
nan
nan
-2.759922247018948838e+00
8.547409568609509734e-01
-5.626940585052579991e-01
1.179602402169257402e+01
-2.675615354369256238e+00
1.548202195785052027e+00
-5.195331790715863463e+01
-8.012810957936380873e+00
-1.117511128793466924e+01
-1.584809312507786672e+00
-7.593507878418677137e+00
-7.823039731886638037e+00
-2.031953498612410840e+02
-2.979429590410836681e+01
1.525980102274661476e+01
1.557695509139193746e+01
-3.497722174640330195e+00
-2.164482055042753927e+00
-1.333176389931759331e+01
1.616663392269492761e+01
7.235692173084316892e+00
2.221086356430532760e-01
1.374019370395808437e+02
5.905916214687749743e+00
1.147878718694573763e+02
1.006407148111975403e+01
-3.874668470853976032e+00
-2.640190631032055535e+00
7.932137459523801226e+00
-3.295305099248253100e+00
-1.012656837702706980e+00
-1.179448765741562966e+01
5.893890429397288244e+00
nan
4.609336935327519313e-01
2.230916695372798131e+00
-1.826321182641277119e+01
4.761652214456262300e-01
-1.193956697117755539e+01
-1.751462897864257684e-01
nan
2.180638341087615117e-03
-6.344664506013941718e+00
-1.118395780862283573e+01
-2.060970661799547088e+01
-1.206072904176926386e+01
-1.134701246546865150e+01
6.437637753142553265e+00
8.575660979011445306e+00
2.410348666227037029e+00
6.521797268514819734e+01
-1.943236484361477778e+00
4.981012176773219835e+00
-1.382392261215773033e+01
-1.209333831285130145e+01
-1.212802382703557669e+00
-6.381181339089380344e+00
-2.758003950967940909e+01
7.371091583747329423e+00
2.766245952436747757e+01
nan
7.895471585128052538e+01
6.106595609028954641e+01
7.402618783469824848e+01
nan
-7.040355297258429346e-01
7.149698355900909519e+01
-8.178521466170423082e-01
1.930273588450636453e+02
-5.556182429607360973e+00
4.954443551987424144e-01
4.164272427962714573e+01
1.049237443437677939e+02
1.065519010043772141e+01
1.033610247921023984e+01
-9.171356159120477969e+00
1.177440674133586072e+02
-1.763903612134981813e+01
3.935582008900109940e+01
5.511707019273671904e+00
1.848684966781547701e+01
-4.324917427932632563e+00
1.417739316232527926e+02
2.321829340608019265e+00
1.540739552676886888e+02
-6.137303902898565866e+00
-4.653545480273351131e+00
3.116790873107947846e+01
7.076808038118815603e+01
-2.680926274699413625e+01
3.074041209810275177e+00
1.442190115416906337e+01
1.467740806515157601e+02
-4.796441460305686633e+00
5.778986989951590658e+00
-2.131062739279514062e+00
3.302124882869065914e+00
-3.614337501850241097e+01
1.800066712751358864e+02
7.971284485017349652e+00
5.771354943400183402e+00
-1.019670554456843092e+01
2.301362438790483793e+02
7.970799610056928941e-01
1.017156644547867472e+00
-3.581315963181896223e+01
-3.074283249790278205e+01
1.103843374054849846e+01
6.619434944448585156e+00
-8.678545233762633870e+00
1.302052682777502923e+01
2.110781054747349117e+00
-7.045428006418660516e+00
-5.975644143700264976e+00
2.752002743280536379e+01
3.748040960551406897e+00
3.996547084739904676e+01
4.892730865138219087e+00
2.081785450576808216e+01
-1.795883689843140019e+01
2.290089145907586499e+00
3.257583054589304083e+00
-7.587901835189768462e+00
1.847803479149206396e+01
-2.244653331771587546e+00
7.847673291092178260e+00
-5.520836506861996895e+00
-2.811618116133104195e+00
5.207914519846781332e+00
1.402169076216432586e+01
nan
-5.103400069177041587e+00
3.546823507113003870e-01
nan
nan
-8.263688822089534369e-01
3.878422851783398073e+00
-6.353516132552613271e+00
1.290153931344502780e+01
-9.217425881760391349e+00
-2.271795454726088792e-02
-4.947464519816730899e+01
-7.930021698446580558e+00
-1.123588154679055151e+01
-2.654298995097633451e+00
-7.378527066728565842e+00
-1.014710080009081139e+01
-1.813462226536466915e+02
-2.819831968987091386e+01
1.281214150039886590e+01
1.416236245394793514e+01
-2.626864654223027173e+00
-4.071366958096405142e+00
-1.289014855074310617e+01
2.036218142472716863e+01
1.253693924529852666e+01
1.634089903373023844e+00
1.417727350766108430e+02
4.242197492087143473e+00
1.190669845192551293e+02
1.552619912205773289e+01
-5.692648183081473690e+00
-1.096717717215142329e+00
8.357921586140037107e+00
-5.849607461579580558e+00
-2.666622479368015775e+00
-1.674830699390804511e+01
4.860150514067754557e+00
nan
-8.379636970639694482e-01
6.542114732160371204e+00
-1.590094828348355804e+01
1.392875908418318431e+00
-1.290412371390812041e+01
-2.693732146040929365e+00
nan
-5.634708072775538312e-01
-5.842319169449183391e+00
-1.377408321542952763e+01
-2.104661549132106302e+01
-1.199584371199853194e+01
-1.613764183671992214e+01
6.869176078310374578e+00
9.315622263769910205e+00
3.040181194748583948e+00
5.529784628804372915e+01
2.354895999314976507e+00
8.159008615548373200e+00
-9.551828570702127763e+00
