1.008377838539763616e+01 9.835987543318879034e+00 2.382501432413027942e+01 3.090913898129292647e+01 2.835560985715346760e+01 4.066333999299786228e+01 4.125200399035475129e+01 3.760743129727325140e+01 3.286406717754016427e+01 2.588625033748394344e+01 1.782931728916355496e+01 1.923466889602150331e+01 2.896183646955705626e+01 3.597924348518790794e+01 5.007051939763277915e+01 5.469589102187273966e+01 6.538657356571457058e+01 5.162560226422647247e+01 4.492061068566363247e+01 3.630980505127536162e+01 2.772583316228337935e+01 2.417035680218759808e+01
-6.859291519330326992e+00 -7.763703161119337892e+00 -1.300878970483245212e+01 3.773921472482470563e+00 1.632595079959173745e+01 1.066146215363733063e+01 1.837618160909005383e+01 3.551314782847020979e+01 3.074494211801902566e+01 2.177480102069966961e+01 1.808200701189980464e+01 1.965498532989749947e+01 2.999544893535858137e+01 3.751258539490663679e+01 5.258574456682526943e+01 5.301535999723364512e+01 5.848087442988162366e+01 5.473976636807492469e+01 4.775540176655158575e+01 3.305894741075553611e+01 3.115078567272576038e+01 2.710679243512822723e+01
-2.892071248239881243e+01 -2.976344868499927543e+01 -2.143738957816367474e+01 -2.386548736936583737e+01 -1.790996889688176452e+01 -4.421834663889967487e+00 5.538894576083293941e+00 1.522315915322087676e+01 2.643804973200622044e+01 2.051124806607276696e+01 1.691702728840755299e+01 1.852272410696878069e+01 2.867806571740766231e+01 2.805640992050302884e+01 2.935507340401363763e+01 3.864145214243853843e+01 4.496098142292703415e+01 5.368694435402176168e+01 3.341528532322172396e+01 3.402406347595660918e+01 3.199071332708081172e+01 2.777471557985427353e+01
-2.884498532948236971e+01 -2.977516822961206344e+01 -2.929877764250068140e+01 -2.486594204339598946e+01 -1.891711934977956844e+01 -5.178976557500391209e+00 -4.723456369026280299e+00 -1.621043297123924276e+01 -2.093099274258747755e+00 -4.116184893729041505e+00 -7.066923997555022652e+00 -8.109881949365444598e+00 9.844508624446461909e-01 -9.254454146459465846e+00 4.048111833766597556e+00 2.097333871697355789e+01 2.772267172350802866e+01 -1.879483643273488269e+00 3.144970350463336217e+01 3.193855086911116814e+01 2.994717617725473247e+01 2.592542326637703809e+01
-2.938439580560225295e+01 -2.884966842330049985e+01 -3.032796497373146849e+01 -2.946816084776401112e+01 -1.418038136501945701e+01 -1.713410552451932745e+00 -1.264059560739951849e+00 -8.835275133885261312e+00 -1.587219239644127811e+01 -2.301967181249256100e+01 -2.583025515932513372e+01 -2.745633427819666394e+01 -2.755672071363551368e+01 -2.827106145167635987e+01 -7.747414320778261754e+00 -2.803165559575063526e+00 -1.985588582517630130e+01 -2.181850805670637783e+01 -2.952855815580733179e+00 2.724498652009333455e+01 2.545424163198458700e+01 2.195207048151951312e+01
-2.885245785021379561e+01 -2.809616310284491192e+01 -2.945242058857274969e+01 -2.853693926613868825e+01 -9.909586283199132595e+00 1.738262159512487415e+00 2.153858712736109737e+00 -7.131642927601205884e+00 -1.852161478774723946e+01 -1.953729310188919044e+01 -1.903718391379516106e+01 -2.722629437399154995e+01 -2.845786146443515463e+01 -2.927241243705520901e+01 -2.548318412219668971e+01 -1.429137757049284119e+01 -3.638617435718424531e+01 -3.863771482508673216e+01 -1.297185080606868723e+01 6.131650612890553020e+00 1.952899269294357509e+01 2.764220704850504262e+01
-3.800718477080590674e+01 -2.568020073062689335e+01 -2.684344911759581009e+01 -1.906879566407769744e+01 -1.107437915003720263e+01 -2.807743246178688423e+00 1.959624921377326245e+00 -7.658074136252253084e-01 -1.356151281311940693e+01 -1.425795144362837163e+01 -1.384603724186945328e+01 -1.943937845285381627e+01 -1.598263300509370310e+01 -1.457445675745202607e+01 -1.454203182725723309e+01 -1.340166205512923625e+01 -3.869134901823144901e+01 -4.113331353723424400e+01 -4.041037490244707442e+01 2.925548467225326021e+01 2.932693938204192818e+01 2.715916047215159779e+01
-2.980105188982361142e+01 -2.972450753078101116e+01 -2.482652341961056663e+01 -1.880507058619878080e+01 -1.132913937394005188e+01 -7.149257378978290944e-01 -1.331886075257898483e+00 -4.075787576283801172e+00 -9.174175594233020092e+00 -9.035204309419896163e+00 -8.199449446105973038e+00 -7.259572321525411098e+00 -4.513590031109742995e+00 -3.608052196712378645e+00 -7.521001045501179760e+00 -1.002602277343066817e+01 -3.360802212853923265e+01 -4.062057882690805855e+01 -1.784244857192243217e+01 3.150935416840184189e+01 3.158625451720035926e+01 2.925141751093542553e+01
-3.018965443304568907e+01 -2.955588655720839597e+01 -2.304369388191571488e+01 -1.996327697650485788e+01 -1.707817444865759171e+01 -3.499071415791149775e+00 -2.909728686370726791e+00 -9.808069905768206809e+00 -1.052937016196756304e+01 -1.042410363921044336e+01 -9.515035219080345996e+00 -6.953788598917526542e+00 -5.403563900561493938e+00 -4.521403161473244836e+00 -1.281743463903058000e+01 -1.518270208618741890e+01 -3.017748287059202994e+01 -5.201974174455972388e+01 -8.773328952435804240e+00 3.135179987979427096e+01 3.142825652174906281e+01 2.910504394018880703e+01
-2.168957941187454708e+01 -1.698842173513367015e+01 -8.932811156839306932e+00 -8.786567849303537514e+00 -8.103477303246108931e+00 -5.946581473775040649e+00 -9.887663457933740574e+00 -1.092247689154010004e+01 -8.541194670538970968e+00 -8.123143426468232065e+00 -1.331287113660891919e+01 -1.012833070234773913e+01 -9.073701515963875863e+00 -2.090763388624418440e+01 -2.667616910576725786e+01 -2.364055801646100008e+01 -4.152939106230223842e+01 -5.628005256445885607e+01 -4.294101467132168182e+01 5.353238054913163069e+00 5.694356330745904415e+00 5.574147449796328146e+00
-2.080868103925422474e+01 -1.599351269104045059e+01 -9.986636942536279093e+00 -9.769344015969181783e+00 -8.954145540074932796e+00 -7.702376758137688739e+00 -9.376150181211414747e+00 -1.029207384356504917e+01 -4.312129280786393792e+00 -3.761416104687668849e+00 -1.274306601874832268e+01 -1.326127854884725821e+01 -1.274928767869550938e+01 -3.406169753327685612e+01 -3.514445937437631073e+01 -3.349948625627712318e+01 -5.350613385096676211e+01 -6.655626246627343789e+01 -4.207157962713881716e+01 -2.504922805421210796e+01 -9.113638390859705396e+00 -8.090844542251033999e+00
-1.826301379558390181e+01 -1.369797704222764878e+01 -1.033504013044057501e+01 -1.005786549861386447e+01 -9.164137849718827056e+00 -6.678499264848142047e+00 -1.073567319047469937e+01 -2.699860597801489348e+00 1.881274201528867707e+00 3.014929272198060062e+00 -5.174240661655858275e+00 -1.320574936991943105e+01 -1.269594526070977736e+01 -1.734337073655478889e+01 -2.799325980492449162e+01 -3.256976019464400451e+01 -8.175297336911808088e+01 -8.141728522591711226e+01 -3.799624473610856512e+01 -3.233462494282321131e+01 -2.868950715324990597e+01 -2.330585506759962300e+01
-1.462314011293165095e+01 -1.061647102393089881e+01 -9.899481283356180938e+00 -9.587108671696114470e+00 -5.207484085674877861e+00 -5.326390978408198862e+00 -8.239448502254163031e+00 -7.288430465557212301e+00 4.025922129068931099e+00 5.325520330819927040e+00 6.271663300072759739e+00 -2.395681339754446526e+00 -6.994788230750600633e+00 -1.075493189514781989e+01 -1.283228317378416250e+01 -3.381334524608701031e+01 -6.956143161703766964e+01 -8.874614597564868745e+01 -7.537083248848102812e+01 -4.563923877340857871e+01 -3.605929866292171937e+01 2.537737074869255594e+00
-6.359979064913022739e+01 -5.231889002907246322e+01 -7.824073733657314733e+00 -6.589323741613952734e+00 -2.318487449774693232e-01 -4.152786372606897203e+00 -8.388690176908312424e+00 -1.201901291462490917e+01 -4.935022675200343656e+00 9.207923585653588816e+00 9.001960150675586192e+00 -2.370906125736837566e+00 -8.456999815378367202e+00 -3.364912633319363522e+00 -2.177913453599103377e+00 -2.445421787318446150e+01 -6.050208359143834969e+01 -8.731693509424803779e+01 -7.396702561019355926e+01 -4.217120013785915944e+01 2.613606998545947135e+00 2.657690008491044864e+00
-8.478524944579112343e+01 -7.224203380198287050e+01 -6.097558217119512847e+00 -4.976219571683031972e+00 4.696535519751705579e-01 -3.485965195662174665e+00 -7.817823916627276049e+00 -1.158421903371799999e+01 -2.797663811923484900e+00 1.022497398354425968e+01 3.292139019111345988e+00 -4.624752947206616227e+00 -1.783686049186144373e+00 2.851944556686157739e+01 2.765882929587860417e+01 -1.739633253897955001e+01 -3.303236424997521681e+01 -3.175775487499686278e+01 -3.938492014469375135e+01 -2.844144591624535678e+01 2.513873401402634045e+00 2.559513022994906351e+00
-1.056552276392858403e+02 -8.072865605755032448e+01 -5.636872445682638499e+01 -3.988693296016208478e+00 -3.618416084331329330e+00 -2.561901274132651452e+00 -6.655246845670262701e+00 -1.026606353541137651e+01 2.257072064912790665e-02 -1.236468328413138806e+00 1.051737094319923926e+01 -4.019601040594352526e+00 4.263712842029235617e+00 2.925021661902064807e+01 2.836728583617332333e+01 -3.262695384329526860e+01 -3.395304105256127514e+01 -2.527976596365715523e+01 -1.714145179606657621e+01 -8.143118875350410235e+00 2.221533981171887717e+00 2.265186661896223086e+00
-8.460593765232715668e+01 -6.638798216531267826e+01 -5.057421701843577466e+01 -5.142737556177053193e+00 -4.776164985813011299e+00 -4.053513847883550625e+00 -5.160276508721835853e+00 -2.482283647143140115e+01 -1.925951021616856451e+01 -1.505383476490624162e+01 8.420229522314002679e+00 9.428731264730231487e+00 9.686485315449317568e+00 1.714290065047043754e+01 1.405646082253861096e+01 -1.169006047129823855e+01 -3.223536879931089061e+01 -7.119482719954248751e-01 -4.738278260800143471e+00 2.037671923018388043e+01 5.715112876060265990e+01 5.968136868284727825e+01
-5.332782666164257535e+01 3.740481898234975233e+00 -6.959372073433769401e-01 -4.968043409736310423e+00 -5.594562656881862495e+00 -1.606967530828296731e+01 -2.758255030328837165e+01 -3.056819336024364020e+01 -3.141884375395056850e+01 -1.986161237359374354e+01 1.011963450379971619e+01 1.120213065141342668e+01 9.288091935427473800e+00 7.753966174658671662e+00 1.398934466369064467e+01 2.312621966301412613e+01 2.250087075018200267e+01 2.295043962703130092e+01 2.291212373912003386e+01 2.765843019705334882e+01 5.586579195210470061e+01 5.833951043713841500e+01
-1.850015262394754245e+01 5.712154537609421823e+00 1.165090698713356687e+00 -3.336309931437426712e+00 -1.286878012671786564e+01 -1.917855511226025556e+01 -3.236906523492234555e+01 -3.098670200796641439e+01 -1.759580528019796475e+01 -1.779126169915798528e+01 7.017548290051308868e+00 6.838468072081923310e+00 6.124573638942820253e+00 7.271943997388007119e+00 1.258086043269941001e+01 2.328541226469042158e+01 2.265565165937641723e+01 2.140993092943699594e+01 2.346721364500990603e+01 2.787437095358200168e+01 4.396962005644581950e+01 5.267673194863255048e+01
-1.296245551393440110e+01 7.226036517599823128e+00 2.912352958666815539e+00 -1.647299641530844383e+01 -1.917921385388035560e+01 -2.968123542919329338e+01 -3.039014599696565710e+01 -2.293805487480221927e+01 -1.207326093489155028e+01 1.838879650867966120e+00 9.276127638880097948e+00 8.425780393117747735e+00 7.827092840320801770e+00 9.148409098263073247e+00 8.336866429411202262e+00 2.219055374118215695e+01 3.317290225614033261e+01 3.423636219146646908e+01 3.056267629526519158e+01 2.913309917033257079e+01 3.586953954488217278e+01 3.973078640063704370e+01
-3.095786522194157442e+01 -2.724861062499803666e+01 -8.499021796546912810e+00 -2.145033410025916965e+01 -2.435522249295718211e+01 -3.032300184493306006e+01 -2.023361338922768482e+01 -2.042021319437208149e+01 -5.648531919985543936e+00 4.407219278072261659e+00 9.486942490269939299e+00 1.303777852289749717e+01 1.244571743356209481e+01 1.033339423116194666e+01 9.513510669501556549e+00 2.698238322208726458e+01 3.501277298503373459e+01 3.388880141736717633e+01 3.076352006535762484e+01 2.924392708414234221e+01 2.571591299468309444e+01 2.091929391181747633e+01
-5.394503901242296706e+01 -5.719102118124010303e+01 -3.811436082069667464e+01 -2.550468101037859014e+01 -2.452200248210010614e+01 -1.207212588825586863e+01 4.679416148017480737e+00 -5.125128249576846429e+00 6.580965051388375286e+00 6.719208719922789896e+00 1.141375628339028481e+01 1.106242203319925466e+01 1.214130548415232624e+01 1.109718502149280539e+01 9.301524658724702022e+00 9.296559916695514403e+00 3.202912479614224139e+01 3.096870882060648000e+01 2.761168429568351712e+01 2.727070535272832785e+01 2.391633458054093353e+01 1.940194598867674358e+01
-6.802709263539054518e+01 -5.159938398802933079e+01 -3.156038887470822374e+01 -1.264122786667940090e+01 -1.928296882685663149e+01 2.117780223016779928e+00 1.461503402208563784e+01 4.692400547812212608e+00 6.158485527939774329e+00 6.288586868349739234e+00 5.428516549165578908e+00 8.712430055607910617e+00 1.093862161403831124e+01 7.481120965483569307e+00 8.141658873597407364e+00 8.176195378745433118e+00 1.723164646810982958e+01 2.742783333417537506e+01 2.712963230797959113e+01 2.482774621879616461e+01 2.066044219488776434e+01 1.671677753325911908e+01
-5.800836576287656499e+01 -4.142317484994146071e+01 -1.578339644535753905e+01 -1.215158086641622504e+01 1.856512984250002773e-01 9.050944165252076345e+00 1.925678561549921142e+01 1.716139106594619079e+01 1.792358384721319453e+01 1.612096557905078953e+01 7.015218348937196424e+00 1.019703588701850094e+01 1.246658937396477995e+01 7.871580721252030344e+00 6.392831845401815372e+00 1.508367377880313143e+01 1.920106345377371326e+01 1.736310885565035278e+01 1.403590133092802716e+01 1.894833366148850473e+01 1.630392046092219971e+01 1.310247319053360116e+01
-9.406857763032712683e+01 -1.022438758647513168e+01 -8.719137745547413942e+00 -2.158249235877519823e+00 -2.151564759616121592e+00 1.102930655259569903e+01 1.308207516732818476e+01 1.225587166179047927e+01 1.460423131034713151e+01 1.516142690536526061e+01 7.806106868625647621e+00 1.667839051161263342e+01 1.147843684462168312e+01 8.119117275872667960e+00 6.007508312935897266e+00 -2.642469474931203877e-01 1.039533652146747045e+01 1.420353447717752715e+01 1.108162428804371302e+01 5.085664781970081094e+00 3.177369956580150756e+00 2.587634703945695946e+00
-5.333356596767225710e+01 2.716570696211420000e-01 -1.776339994708905579e+00 -1.423838701575732557e-01 1.649657966569066048e+00 6.938754417632480909e+00 9.225579642024058558e+00 1.198762237091796123e+01 1.179427885181939928e+01 1.431510385857200163e+01 1.743204133694507618e+01 1.879523539793262898e+01 1.478850278899244586e+01 7.987365253474308702e+00 -4.198239457682575448e-01 -1.149642481245791714e+00 1.698417006540694274e+00 6.064393200317681476e+00 6.165589579108200269e+00 4.601145109531898925e+00 4.078474721494785626e+00 3.330984235026335227e+00
-3.187021610104784486e+01 -3.459713428164832294e-01 4.924044530962419230e-01 2.509944637848093407e+00 3.971288850667406223e+00 5.284492452964514086e+00 7.425695838074716448e+00 1.083348468987787783e+01 1.067003267567542935e+01 1.435448582815661211e+01 1.734387858836180385e+01 1.829002370099988184e+01 1.510793385931629018e+01 1.093379769398688950e+01 -1.183567546501762990e+00 -1.896071367454169376e+00 3.032491933537130535e+00 1.079516273637364066e+01 5.633617260292339779e+00 5.429827566826133989e+00 4.824245734713258571e+00 3.950232096999570786e+00
-9.231842106229123601e+00 -9.254294277779990807e-01 -1.246061145802741521e-01 6.183691560418083100e-01 3.362387199257682369e+00 4.363177194587478880e+00 5.414517412842542399e+00 6.707938658560124168e+00 9.965830340127467935e+00 1.325936655898476602e+01 1.590932813815561531e+01 1.696554164699864486e+01 1.418565321866299200e+01 1.046984657773191429e+01 -1.702551414739900792e+00 1.258784759665832098e+01 1.429340236795906094e+01 1.499433929400947818e+01 6.117295088476566889e+00 5.907438256735986215e+00 5.259737854406921542e+00 4.316894158983814123e+00
-8.275345498204842443e-01 5.530400228118196537e+00 1.247052864043052978e+01 2.026051610856848129e+01 2.609477036989301268e+01 3.319616193209276389e+01 3.729775271296330175e+01 3.905147798213783972e+01 3.786149228193880845e+01 2.703354493943606940e+01 2.474733870156705962e+01 2.627821950178258703e+01 3.171003905486668373e+01 5.281830947965954692e+01 6.179525069375267776e+01 6.636718153530546260e+01 6.601752301687520230e+01 6.560991427237331663e+01 6.035928726584370452e+01 6.211333553479744296e+01 5.501852015855274658e+01 4.641289971421974769e+01
-1.054037698102274589e+01 -1.039765564468052617e+01 -5.495472752509158454e-01 3.059554391066740209e+00 8.058276089697756106e+00 1.546999677450003219e+01 2.104067573454540252e+01 2.426039477840004110e+01 2.688770846913848800e+01 2.362103825712620164e+01 2.095637407387948770e+01 2.621233533931172133e+01 2.962861772357882728e+01 4.342725054654420092e+01 5.199165207215446571e+01 5.689084809536780085e+01 5.880514726374531165e+01 6.103118272308347514e+01 6.237342020623782446e+01 6.043191564271910465e+01 5.612979264290606807e+01 4.951565278821362881e+01
-1.416131432691690861e+01 -2.305446914930871571e+01 -1.827673575112294202e+01 -1.427619582079114480e+01 -1.060055411124085367e+01 -3.408200485153429327e+00 3.231285352045233594e+00 6.837314865460029978e+00 8.943280554711236618e+00 1.071522395112697268e+01 9.539399073622007563e+00 1.115159331049835600e+01 1.676274747957722866e+01 2.821986220330018114e+01 3.478546100355288218e+01 3.844847956582361803e+01 4.249617710449274455e+01 4.481864166035848029e+01 4.839916625912883319e+01 5.074792104642983759e+01 5.073684651451276295e+01 4.764920178892771219e+01
-3.103187693018844584e+01 -3.107074521540380374e+01 -3.028481915635984478e+01 -2.501875776793167461e+01 -1.744631713564103848e+01 -9.560341448241160833e+00 -4.867751248930289876e-01 -3.726177248047861212e+00 -7.743552291357445938e+00 -3.766700090664016898e+00 -7.265427508059474349e+00 -6.831409340186837653e+00 -1.143980708482558839e+00 5.755697081923244696e+00 1.442340252344092733e+01 1.441629313516841648e+01 1.647746749930411170e+01 1.997049313107982016e+01 2.706536447152211622e+01 3.419375644254068902e+01 4.583253050079292734e+01 5.328446518427608680e+01
-1.533032193116378039e+01 -3.261556580722481158e+01 -3.017543247903995507e+01 -2.426348284185860393e+01 -1.583473802393200458e+01 -6.652886964292520133e+00 -3.866725584121923021e+00 -7.867566265018467675e+00 -8.881213330158971075e+00 -1.581176035223779763e+01 -2.062412600078914693e+01 -2.232876472502812248e+01 -2.271794663410946669e+01 -1.835551235239290691e+01 -8.756715508515299007e+00 -1.343367170989404258e+01 -1.429686647520520637e+01 -9.674351398441103811e+00 1.342321169704518979e-01 1.803225505818409147e+01 4.181181793202631525e+01 2.636070732650023274e+01
-3.721087660183729895e+01 -3.206278083243614674e+01 -2.844046727563636523e+01 -2.209011498035852128e+01 -1.334172122007203143e+01 -4.021371985414589290e+00 -9.306904691484305658e-01 -7.000394322037209349e+00 -1.289794836086366558e+01 -1.821991529929437093e+01 -2.242219410053621687e+01 -2.557687628784788103e+01 -2.535894471493975288e+01 -2.118586437341036799e+01 -1.223497255548772955e+01 -2.167697831702662370e+01 -3.283948142901408573e+01 -3.251827325155409198e+01 -1.551195269175786962e+01 2.471503211130766431e+00 3.026235409886248817e+01 2.712954610060842242e+01
-3.748813791936390771e+01 -2.938913419043092290e+01 -2.566573145333313732e+01 -1.975859418853178795e+01 -1.159121280224098882e+01 -2.849951681878337695e+00 1.313669366386420734e+00 -4.405255910782216233e+00 -9.792809943279280560e+00 -1.476128743507160834e+01 -1.689178262686982634e+01 -1.867916482043983706e+01 -1.893747305363922351e+01 -1.718634887069401884e+01 -1.774521014384208684e+01 -2.687539576704421052e+01 -3.405331196541374084e+01 -4.169261182848640601e+01 -1.929708282965657418e+01 1.541534574478555442e+01 4.087075394921976113e+01 5.753151559477737464e+01
-3.643828679691887373e+01 -2.703290580401699117e+01 -2.512012391957705404e+01 -1.769596564329094690e+01 -1.063554066500546469e+01 -6.004649695094485651e+00 -2.620888161324728571e+00 -3.547097969481001201e+00 -7.893343813618230342e+00 -1.183655722826642887e+01 -1.060584309874502651e+01 -6.685089931895163318e+00 -1.131033947869127587e+01 -1.046276671768100641e+01 -1.380437917702238337e+01 -2.439659760596350679e+01 -3.172969352422751399e+01 -3.979681421054010571e+01 -1.542969696298496274e+01 1.414313550583028700e+01 4.121495462459370174e+01 5.934217566917050135e+01
-3.264890290818493668e+01 -2.767624541081295320e+01 -2.458265235803719406e+01 -1.893957030666933861e+01 -1.296923076732309710e+01 -7.806996835058271245e+00 -5.903719942387397168e+00 -7.906789401225978509e+00 -8.788211315084481612e+00 -9.740129180314397672e+00 -1.017961575699064269e+01 -8.655071346437580360e+00 -6.402841041488500196e+00 -1.157063304743678600e+01 -1.511723009562410880e+01 -1.525370751296304661e+01 -3.762495581139501155e+01 -4.259260660880954674e+01 -2.490649056973325060e+01 6.828023305841270485e+00 3.248272900819119968e+01 5.017727557510715997e+01
-2.684494086501399579e+01 -2.420538034563469409e+01 -2.074025323025580292e+01 -1.695147852625359519e+01 -1.217535792752914858e+01 -6.534169488018051197e+00 -8.253797896650212351e+00 -1.034308404400962900e+01 -9.279405189803583198e+00 -9.110431017110386165e+00 -1.223143475748111086e+01 -1.091289494289230788e+01 -1.378627720960867009e+01 -2.123163028714952816e+01 -2.686242240640513046e+01 -3.393289837285101385e+01 -4.255709020835365664e+01 -5.005978470434638439e+01 -2.758266108289353724e+01 -6.543499948931639665e+00 1.293410471403512929e+01 2.698429027039946959e+01
-2.024382114298168744e+01 -1.933893937966058729e+01 -1.578600898339300329e+01 -1.230192056254600175e+01 -1.021029966934656841e+01 -8.118711943861853797e+00 -8.958556930248960271e+00 -6.701077525788605271e+00 -1.148071597419402678e+00 -5.474404938289808342e+00 -1.039664788529898942e+01 -1.110699456736074353e+01 -2.209903556018252857e+01 -2.995622637384440168e+01 -3.080650202367996826e+01 -2.926471719130313431e+01 -5.198016971940069197e+01 -6.127240519276347186e+01 -4.798773471666299884e+01 -2.315445273272143822e+01 -3.386039088979487133e+00 -8.467987733632071468e+00
-2.695840508388482704e+01 -1.640825356367076893e+01 -1.032550559351238917e+01 -7.872719595815397042e+00 -8.135612416411277081e+00 -8.615871273085758730e+00 -7.216419122874867753e+00 -7.010865524523069325e+00 -5.296952325632446446e+00 1.665116264056450746e+00 -4.024200950058002491e+00 -8.835009201223329001e+00 -1.440741664093366126e+01 -2.091720177167371730e+01 -2.720200184643999819e+01 -2.364687103668074997e+01 -7.603466484401724301e+01 -7.908510612462941936e+01 -6.155648566828949697e+01 -3.955212006575493433e+01 -1.704878835608451482e+01 1.327825502522500756e+00
-4.819698949060330051e+01 -3.047157644342223648e+01 -7.250100925779406680e+00 -6.681702012081586872e+00 -6.730491768146748655e+00 -7.916957398236263543e+00 -8.057909729019229417e+00 -7.086377407675172435e+00 -4.801039553087321110e+00 6.767135798192612128e+00 2.108088595071421878e+00 -1.433124770909671497e+00 -6.806713088158176106e+00 -9.000540918407750723e+00 -1.192455234713452228e+01 -4.363122160451803211e+01 -6.410285802264661470e+01 -7.965526180812685197e+01 -7.143222058206083602e+01 -4.573323222608905780e+01 -2.073233438295847009e+01 5.755509346126927994e-01
-6.607091411770670675e+01 -4.993513860357688827e+01 -3.253178579647737934e+01 -3.973056148201976612e+00 -4.452868107729045732e+00 -6.303229542111694172e+00 -1.108470890419266652e+01 -9.203909279393883480e+00 -4.026656342884052719e+00 4.335137319244495302e+00 3.949901711481288658e+00 -1.302678026419016533e+00 -8.196333055369905196e+00 -1.274832689796312479e-02 4.061194208946290019e+00 -2.438310416360764066e+01 -6.050213696356786386e+01 -7.587446178183199663e+01 -6.998360840532041038e+01 -4.691175771919188264e+01 -1.878961914052888460e+01 -1.075745210407421837e+01
-9.439220269621728221e+01 -6.554310303531565296e+01 -4.436112165105987515e+01 -2.977970380770784686e+00 -3.014115162078269350e+00 -4.181530471963014861e+00 -9.677687654037981702e+00 -6.916875300436913676e+00 -5.506962287619899143e+00 4.319118026126488985e+00 4.616037687985226512e+00 1.962722081607353175e-01 -1.742823202586805564e+00 8.000063981086896092e+00 1.143688005134663399e+01 -1.215124954528164380e+01 -4.746528959474289877e+01 -5.775364096888915810e+01 -4.845544897825129738e+01 -2.509746736283977953e+01 -4.334651618245516147e+00 9.731584776825911831e+00
-9.282862660586852144e+01 -7.909230693405970669e+01 -6.289436645498062717e+01 -2.708848871822647197e+01 -2.886207203427147761e+00 -7.117913500673239469e+00 -1.572325169327541516e+01 -1.680425073664446245e+01 -1.481070247922525596e+01 -1.422437515983801859e+00 2.018864978075725958e+00 3.549896869620170037e+00 8.915260397767269751e+00 1.765431676426396734e+01 1.051348616063569352e+01 -1.435070417305360024e+01 -3.056044434235172957e+01 -2.600484924318880076e+01 -2.894425814870101021e+01 -8.734148480891235522e+00 2.566028305216605077e+01 3.137553311259216571e+01
-8.169827750623426255e+01 -5.495280823174744000e+01 -4.797118049816072016e+01 -2.871567700163541303e+01 -5.334829793995595537e+00 -1.114762045528459566e+01 -1.857776390520029963e+01 -2.503024534233736631e+01 -2.471157953481633740e+01 -1.082789225576016179e+01 4.096086225696126348e+00 3.196526742310197733e+00 2.157641829885687912e+01 9.639804258910771750e+00 2.098053768473710079e+01 -5.239079692692939716e+00 -7.304497964809343102e+00 -7.528865824697277276e+00 -4.850199652977607911e+00 2.200833152064296883e+01 4.516362912375370797e+01 5.264837832721059385e+01
-6.020539569241009303e+01 -3.130243048668398842e+01 -2.514074149821772153e+01 -3.518355887269535742e+00 -9.597042537392553641e+00 -1.606227736529308459e+01 -2.238375779637772212e+01 -3.470856682875091792e+01 -3.125997398852632614e+01 -1.994625624809214059e+01 -4.905116488759631466e+00 9.465174202018715732e+00 9.237785007347156352e+00 9.234907397240931459e+00 1.144605123032943084e+01 1.994286250032837415e+01 2.437305801752154366e+01 1.353955807273086975e+01 1.190410237096875790e+01 9.501027614940539934e+00 5.092792024941718410e+01 6.171352416855279444e+01
-3.261439119529586605e+01 -3.532358917045712587e+00 -1.319753534458868671e+00 -7.745080903970119834e+00 -1.547583927862524433e+01 -2.408762681625648838e+01 -2.957512712622337858e+01 -3.151780227897597797e+01 -2.377677707996917889e+01 -1.153069245548977051e+01 -7.857492515924604959e+00 9.155290171431261115e+00 7.688491953835182358e+00 7.654882452877245669e+00 1.104743475115083129e+01 1.962468907786842465e+01 2.314960070818779059e+01 2.820726284886222857e+01 2.759791478938313958e+01 3.686945339474459615e+01 4.795919785777641664e+01 5.813542748127929372e+01
-2.559626126565763116e+01 -1.346957681093954307e+00 -1.292677225211264158e+01 -1.205392833661517216e+01 -2.014841505485765083e+01 -2.684883389491460548e+01 -3.151671235565663665e+01 -2.404668748287258495e+01 -1.495341959627421602e+01 -5.260440265805300442e+00 6.907247709170405869e+00 1.068636157888067828e+01 8.702107535375944281e+00 8.996903978857517359e+00 1.320646435662092699e+01 2.323437768720032182e+01 3.248285469281836413e+01 3.073014987931765063e+01 3.015307080945058260e+01 2.971461198976885498e+01 4.089466104325583728e+01 5.061661074974108487e+01
-4.633647117082909972e+01 -2.255119852692769200e+01 -3.051960253972447390e+01 -1.749228594011219684e+01 -2.741354652227619226e+01 -3.049788390861522203e+01 -2.534206010057005187e+01 -1.757591988117746951e+01 -6.676712132010834466e+00 4.697610313197401410e+00 9.601155870477668941e+00 1.186016591024963418e+01 1.178518060535952827e+01 1.031382146971100155e+01 9.751584630427714728e+00 2.351182537884778867e+01 3.090147059427090426e+01 3.423909123187422665e+01 3.276827139425495261e+01 2.988111147553445335e+01 2.789847622158958984e+01 4.747215946047253965e+01
-6.187518003129753197e+01 -4.241478661997825839e+01 -3.190705933442131936e+01 -3.316541374467215064e+01 -2.746725194412010751e+01 -1.564555179359831527e+01 -9.437348678356102027e+00 -1.279132833475159714e+00 -1.101375865031513968e+00 7.079628814209172560e+00 1.051265227433759719e+01 1.277395666827123932e+01 1.200688428303692490e+01 1.018888804172001983e+01 9.676710156630178972e+00 2.040491918406860350e+01 2.506813643822533777e+01 3.101626267037681828e+01 2.800183313555226050e+01 2.331553440746029082e+01 2.183497040019665292e+01 3.964031417572459759e+01
-7.922424489654713398e+01 -5.203928604292650562e+01 -3.952587946617495618e+01 -2.293661082437665755e+01 -1.782497031962248002e+01 -1.167304489877096785e+00 6.449770747678485350e+00 1.131559176555765589e+01 5.435488651716696040e+00 9.551106765626173001e+00 8.506827042748227541e+00 1.243442278654401889e+01 1.086380323023786332e+01 1.113696634397274465e+01 9.756973761713197746e+00 1.480823336496723641e+01 2.307080681181832915e+01 2.731212627644890745e+01 2.343685488181472465e+01 1.953608998263825924e+01 1.494022254959236307e+01 1.484816911208872625e+01
-7.725395517439574178e+01 -4.037598301952129987e+01 -2.543094462905719411e+01 -1.041159100066033716e+01 -7.555762505726306699e-01 1.145500023300883186e+01 1.832025722003527335e+01 2.026615264174415643e+01 1.343111067307654594e+01 1.238597806282541569e+01 1.217902848225458001e+01 9.940646493678286788e+00 1.019566642562404013e+01 1.053219677712513658e+01 7.770962279591913102e+00 1.238206533089578443e+01 1.799937702728038857e+01 2.303484907466099685e+01 2.702896035676349129e+01 1.904186286874210055e+01 1.588500845494218083e+01 1.372540564964947407e+01
-6.613443748223926377e+01 -2.804729041370137566e+01 -1.385102807109797141e+01 -6.046191099395400670e+00 2.132181476227742678e+00 6.980208821040832845e+00 1.298277478180625621e+01 1.445764545988004102e+01 1.475924555700203200e+01 1.546709326174732269e+01 1.332389682099892525e+01 1.405667904762140097e+01 1.242213165478187875e+01 8.717357228687433235e+00 4.731090999458501756e+00 8.608325203093954769e+00 1.216637425605586031e+01 1.684861306226139277e+01 1.983188955208879634e+01 9.746494759308916400e+00 7.464950094570667716e+00 -4.011116757354102447e+00
-5.089020252493719454e+01 -2.491846211980646331e+01 -3.069872352992206288e+00 1.051514959031919716e+00 3.306303039506019559e+00 5.481971665045421105e+00 1.089792008602034912e+01 9.693601541281168466e+00 1.204245868183625134e+01 1.631343328633283818e+01 1.730310603743510001e+01 1.763267351439753838e+01 1.545619513714700588e+01 9.505606821022411168e+00 -5.884211380544002168e-02 -1.573409224295573949e+00 4.292595786580022832e+00 9.533479338324468699e+00 4.193047325255065516e+00 1.032093283010908635e+00 -1.756330266432996723e+00 -3.647460043931459950e+00
-3.172963795772648155e+01 -8.367116673613963940e+00 2.108640814816681086e+00 4.479523158847769082e+00 4.306531811509557883e+00 3.918250261552202574e+00 4.650614487500206451e+00 5.961745805115242547e+00 8.879517541285167681e+00 1.153832335774131934e+01 1.934569633707633329e+01 1.810979631884492846e+01 1.537094761152729916e+01 9.182248568466093275e+00 3.632153342354285996e+00 2.739801537396488129e+00 6.966567418823615299e+00 1.075250643870276690e+01 6.991430137538372946e+00 3.215270301669079345e+00 -2.593619363333345973e-01 -2.776233117287119967e+00
-1.011980066452542815e+01 9.270065991314368148e+00 3.586620606038195547e+00 6.376292556084990792e+00 8.752050894488093036e+00 1.107347889937136642e+01 1.279371343689490459e+00 2.676047381874013809e+00 1.049338644708768697e+01 8.510511521761145559e+00 1.716560593364647502e+01 1.724725111192765326e+01 1.274503555098635843e+01 8.212108136765891686e+00 1.022075627332924341e+01 7.382158659385822830e+00 9.697796057910636591e+00 1.426093490911353001e+01 1.007699837487598415e+01 5.189523339880906860e+00 6.710662496943768929e-01 -2.645670076855822117e+00
3.175849025416027871e+00 1.214318205093968572e+01 1.921311962605250301e+01 1.764662554810001893e+01 2.543172073050754989e+01 3.251372881599309039e+01 3.850205427713262907e+01 4.015562188030435209e+01 3.982458833203418180e+01 3.953079512581552990e+01 3.727248864644661808e+01 3.984987131030993623e+01 4.775546816883434076e+01 5.567176374149494222e+01 6.128069175822383841e+01 6.724932724949212570e+01 6.967283277755177551e+01 6.823503849639655527e+01 6.509603290381801344e+01 5.824308639576975111e+01 5.127794363947305101e+01 4.337170407621306367e+01
-6.884456499609768798e+00 2.179968291434306593e+00 1.192338940900299349e+00 1.089717071091399703e+00 8.056835844808119873e+00 1.473391739961971325e+01 2.094130752034652687e+01 2.304055981663532293e+01 2.328296252064956207e+01 2.261789351929473924e+01 2.378985997095151106e+01 2.641106821854828013e+01 3.268311116171571484e+01 4.558274855471518094e+01 5.185286224773699360e+01 5.921081694913573301e+01 6.071174873938070959e+01 6.098284369071006950e+01 5.749359946479216887e+01 5.538726035746094567e+01 5.201785158771235729e+01 4.696385365897185693e+01
-1.558514027038108907e+01 -1.336521143269692402e+01 -1.383083786775205226e+01 -1.535076164562269696e+01 -8.657977619185658114e+00 -1.239386642509998637e+00 4.446081898904594709e+00 7.300281245820769982e+00 3.809889996387937572e+00 5.126515970842774550e+00 5.931610214618558530e+00 6.831120103802277299e+00 1.225876718327981507e+01 2.462341577439019602e+01 3.215816449795875087e+01 3.707721032360859681e+01 4.080226569079422916e+01 4.407053422558419697e+01 4.282483270853117574e+01 4.618402001283266145e+01 4.852145430424388906e+01 4.702666730576675036e+01
-2.368254002275625680e+01 -2.240564474023358343e+01 -2.571892686961746222e+01 -2.689167837432069064e+01 -1.815798906826330494e+01 -1.116545644270172488e+01 -6.194708259706203535e+00 -4.717412189740571193e+00 -9.855905959779192926e+00 -1.014483256611219986e+01 -1.111093142924528365e+01 -1.261148050612700899e+01 -8.562142111607499828e+00 2.484994482407273608e+00 7.939980429137904139e+00 1.137580808604707272e+01 1.420372531826342311e+01 1.303309825959331647e+01 2.147671749981873290e+01 3.327487522661340336e+01 4.391047078929204872e+01 4.878226636299677921e+01
-2.891079794964844041e+01 -2.897147153797232022e+01 -3.082313390876424819e+01 -2.703056135616952815e+01 -1.962022638683993137e+01 -1.192189264973058016e+01 -7.511935896802242496e+00 -5.764410138058337907e+00 -1.256790606002414279e+01 -1.801715759153285035e+01 -2.320866518358343455e+01 -2.442738750050284580e+01 -2.171991728648208664e+01 -1.263745354140701238e+01 -8.297506282243375608e+00 -1.196231420504682319e+01 -8.875832073432320612e+00 -1.370650596855648473e+01 -7.115763434285327094e-02 1.871785155215093255e+01 4.289226140469509119e+01 5.483916808966205281e+01
-3.111111907455142500e+01 -2.920406464553343540e+01 -3.142943383542024094e+01 -2.310020862305373157e+01 -1.461061757251172821e+01 -6.086248841568703938e+00 -2.823707948779883736e+00 -5.104859672093880363e+00 -1.274110046668738505e+01 -1.742922055318740604e+01 -2.285200987889857061e+01 -2.676414943108738953e+01 -2.390503745203295693e+01 -1.881570417731109046e+01 -1.907829778961058764e+01 -2.423707477412699518e+01 -2.807812195343831263e+01 -3.188800994883240492e+01 -1.548172268486996472e+01 1.983673994071705238e+01 4.454090534522583766e+01 6.125191472415644967e+01
-2.973983051091909147e+01 -2.816294394730175554e+01 -2.636487386196040461e+01 -1.727469730636039458e+01 -8.606504202272844850e+00 -2.132567473471681296e+00 3.181403564076390467e-01 -2.392908397237988538e+00 -1.083271780663835671e+01 -1.268876125198949012e+01 -1.582274127422351739e+01 -1.838539480763574829e+01 -1.736086887488363573e+01 -1.488762752870843542e+01 -1.558674593673549680e+01 -2.016907395299767813e+01 -4.422676323730684089e+01 -3.930582333040274534e+01 -1.447187229882001702e+01 1.590790495165401808e+01 4.920374060501944768e+01 7.328537529828554398e+01
-2.360448208435536799e+01 -2.841462469918405986e+01 -2.219912016505259089e+01 -1.385595327960618306e+01 -6.133631259921457968e+00 -2.408251411860874214e+00 5.611667259199748514e-01 -2.480899928024882684e+00 -7.749572807073491276e+00 -1.099552692147153721e+01 -1.192350430652368232e+01 -8.295185177462371939e+00 -7.849006432774331188e+00 -1.428040109270568792e+01 -1.521545001532558672e+01 -2.427586762156533950e+01 -3.937326369769107259e+01 -3.925208768267657433e+01 -2.015103057286796684e+01 1.164106271806667792e+01 4.505675384392634442e+01 7.825725774832335446e+01
-1.777248714114375616e+01 -1.962856894389460649e+01 -1.914711320544483897e+01 -1.438317181926686317e+01 -1.019616630946075020e+01 -4.374746080025943229e+00 -2.335047927156665537e+00 -5.844984320467119687e+00 -8.009913060205690272e+00 -9.925050059203385899e+00 -1.106915374598065682e+01 -7.395640428070691996e+00 -8.159606191626153304e+00 -1.176444455888213270e+01 -1.642688235441892175e+01 -2.623859987507876212e+01 -4.255174969846848398e+01 -4.006660431996169791e+01 -2.370326767587721406e+01 4.924889538269781042e+00 3.488363253772058670e+01 7.541635744939321739e+01
-1.335375699787891790e+01 -8.465372548565937905e+00 -1.595228319513535098e+01 -1.342676870567174774e+01 -1.178696720269090292e+01 -9.164614723019440135e+00 -4.933431491390365409e+00 -6.698751888005062938e+00 -7.841688828873884631e+00 -8.873563721178470587e+00 -1.080619043520437117e+01 -1.285889938287800760e+01 -1.621803776257911522e+01 -1.929784375734743662e+01 -2.678389263170629420e+01 -3.609099089769733837e+01 -5.181229854086450359e+01 -4.954725457234690111e+01 -3.292131236500608793e+01 -7.511310767311442760e+00 2.200723304168241157e+01 6.935502043215819867e+01
-1.581243310556601500e+01 -8.725315509187566931e+00 -5.628547945565514965e+00 -4.586489322575289407e+00 -9.373940976170160866e+00 -8.540604651040666795e+00 -6.486679327381352778e+00 -5.876867553406555089e+00 -6.277178211161299259e+00 -6.558676687724982912e+00 -8.877276795554280397e+00 -1.274067463258052157e+01 -1.945305345232918626e+01 -2.627503815360887529e+01 -3.217883254993466835e+01 -4.645235342569412751e+01 -6.389736538126180676e+01 -6.411956620031469356e+01 -4.867380242707076832e+01 -2.432629464485853532e+01 6.923089035268276348e+00 5.912425544361667562e+01
-2.471993828509948798e+01 -1.390158710039941070e+01 -7.670928747445032059e+00 -2.404119615018316836e+00 -6.665169226412217540e+00 -9.108920152950304328e+00 -6.816040768310813291e+00 -6.301526984140764398e+00 -4.151893440137428115e+00 -3.061486165004680515e+00 -3.743498314076532552e+00 -8.238247768920700764e+00 -1.565472640210282407e+01 -2.213665929770013463e+01 -3.142424898305944225e+01 -4.805313998558813182e+01 -7.124501318558304774e+01 -7.750880177463750442e+01 -7.087273617044593266e+01 -4.277887898277185741e+01 -1.173485712846377282e+01 3.197089075098574540e+01
-4.058991398160105746e+01 -3.369400770679749257e+01 -1.673871295228764211e+01 -5.960675575652203406e+00 -4.912797648474224843e+00 -5.551647868824147736e+00 -7.227043404473988630e+00 -2.112303921468082990e+00 1.965657617110991850e-01 2.027242849061622110e+00 2.903882065317702654e+00 -2.578561060552601703e+00 -9.415590514908217301e+00 -1.125941840003542893e+01 -1.739456316339874320e+01 -4.155481621738363174e+01 -6.563174836205052998e+01 -8.110194771459919139e+01 -7.626592544083996472e+01 -5.316722919014773652e+01 -2.719245853481243103e+01 -3.171713955300219823e+00
-6.494163655108059174e+01 -4.058405422870782786e+01 -2.014478969726769719e+01 -1.605453170151304221e+01 -6.444657475868552865e+00 -4.947345415603194851e+00 -6.345992296331132820e+00 -3.174930554691854923e+00 2.513341454291548871e+00 5.631858765784272691e+00 1.165147296418581391e+00 -2.481594316585869819e+00 -2.949878514369629556e+00 6.933825346868616180e-01 -2.916943210647332307e+00 -2.936682978036060376e+01 -5.868936863292674389e+01 -7.580356424048386543e+01 -7.128219701080070081e+01 -4.763960515035978460e+01 -2.138412891700136242e+01 2.221633226647099946e+00
-7.973110907516365842e+01 -5.200504155046382948e+01 -2.724567505539744161e+01 -1.990771160270833207e+01 -1.148333866747361753e+01 -6.375830068344839674e+00 -1.040903554798296682e+01 -8.417020643978503358e+00 -3.815215665328651085e+00 2.428435697142049321e+00 2.265459667790310050e+00 3.804808735949336551e-01 7.384403283573192311e+00 1.243296798709252471e+01 9.899954023997452168e+00 -1.432191992967273109e+01 -4.514187347535062145e+01 -5.741900183376219502e+01 -5.315487790138922719e+01 -2.843336009852191637e+01 -7.121053469285470783e+00 1.614799025797310605e+01
-8.553487663081159553e+01 -5.574417182087017864e+01 -2.698630036053691583e+01 -2.146592609355138848e+01 -1.453304141627359058e+01 -1.190790330679374165e+01 -1.952841098116459762e+01 -2.087558146249375568e+01 -1.253343087302982894e+01 -5.724815566223696806e+00 7.945631938819133211e-01 8.620467227895460383e+00 1.239795448215772922e+01 1.748185059298975830e+01 1.069603057873246144e+01 -6.685224947508686455e+00 -2.550308023390607559e+01 -3.410101435172418860e+01 -1.902549513900521561e+01 -2.544107926651122398e+00 1.600889303960047982e+01 3.615169612986846914e+01
-7.138743390079253004e+01 -3.979406771954836586e+01 -1.678173146696462936e+01 -9.929523914420315123e+00 -1.272480791691123159e+01 -1.983954894266025804e+01 -2.747552980240197940e+01 -3.025613728165262728e+01 -2.271425091484707082e+01 -9.769605822329140210e+00 -2.938902364988280169e+00 8.716767964796417800e+00 9.645164987172393012e+00 1.720951061438245233e+01 1.569449042851283593e+01 7.961676865725166863e-01 -7.691452524124542833e+00 -6.952117369624829735e+00 2.665844322158591240e+00 1.860373027834612003e+01 3.548028856111250207e+01 5.319404713480798819e+01
-5.109915464568803145e+01 -2.093677933029175620e+01 -3.876837559082559892e+00 -3.361944222789134074e+00 -1.138216605564139172e+01 -2.580073804413677863e+01 -3.231099718735458737e+01 -3.328610168106933997e+01 -2.743029021882011875e+01 -1.131832213581219548e+01 -3.386746745660275337e+00 6.884305032328484231e+00 9.612453677095800231e+00 1.380893296592603292e+01 1.602074643142896093e+01 1.311695807366049848e+01 1.429938104044231295e+01 1.310978519600757863e+01 1.955758010437511984e+01 3.178290098966226651e+01 4.722565124566335726e+01 6.218118837317797443e+01
-3.384731190197089745e+01 -4.136167513405780483e+00 4.672196720989632013e+00 -3.803570720526295190e+00 -2.331656252586890332e+01 -3.095174239388961723e+01 -3.175390043425795739e+01 -3.092432289390035294e+01 -2.354351017826502357e+01 -1.259077902604894916e+01 -8.374058192839584081e-01 1.078134945817782864e+01 6.619671930940967286e+00 8.655899864227649232e+00 1.431524871032888768e+01 2.285427273825916927e+01 2.752220717255204363e+01 3.012744498727624887e+01 2.929003838657172309e+01 3.687832650839573034e+01 5.121307863528636517e+01 6.450613607132800098e+01
-2.792288384907806176e+01 -9.797011284263135167e-02 6.248332607849079068e+00 -1.908447449613504432e+01 -2.713334719447902899e+01 -2.937596401959490322e+01 -3.030074922299354512e+01 -2.567826374881587981e+01 -1.542912868516941671e+01 -4.079150216936795914e+00 5.703580614055681508e+00 1.177164288557742111e+01 8.330937173097481718e+00 9.580367089541141468e+00 1.717331205374830461e+01 2.412117841649978800e+01 2.997598862732593261e+01 3.573968266456267884e+01 3.372833086361424648e+01 3.771828472435390722e+01 4.430460437870897294e+01 5.696704785849760810e+01
-3.592822321802123042e+01 -5.548991619295520650e+00 -2.871168279884568619e+01 -2.549693342085447512e+01 -2.702984832822130556e+01 -2.571254494498680288e+01 -2.099784058084424032e+01 -1.633982863608252956e+01 -7.481702782803949958e+00 2.343637448825575120e+00 1.036776920976080874e+01 1.159177523553807987e+01 1.165725982498133817e+01 8.841739324197078531e+00 1.468477956872175128e+01 2.456939459186833119e+01 3.003883749787109991e+01 3.373657713402735681e+01 3.285376054116022715e+01 2.992530229822295951e+01 3.633704513901284372e+01 4.530870028912431735e+01
-5.924625667749205604e+01 -2.720550183743944217e+01 -3.849519798129949777e+01 -2.795681480795246898e+01 -1.879937015169798542e+01 -1.517413934444903134e+01 -8.328823536805430194e+00 -3.393295253899850650e+00 1.400465735047873750e+00 5.184989708461216651e+00 1.068460119390510954e+01 1.103692134164612071e+01 1.308403709176309349e+01 8.419417412243092258e+00 1.200475626732168166e+01 2.106451852443024109e+01 2.767095625718411611e+01 3.227302387009967788e+01 3.202633390878054342e+01 2.943248297628724686e+01 2.767459342308211490e+01 2.938272899177718500e+01
-7.233923339268312702e+01 -4.677676223552407464e+01 -3.318949183961649396e+01 -2.515493576823519106e+01 -1.130621123979926779e+01 -2.075882475885009626e+00 5.495755302223187755e+00 8.467857706431459519e+00 8.512200193415992544e+00 9.242708613911418070e+00 1.181678630919486750e+01 9.680937828291462210e+00 1.037338984609050385e+01 1.012741498644027160e+01 1.114694912836239382e+01 1.671370799233227444e+01 2.188343731209442922e+01 2.832036176308156428e+01 3.168473512662058056e+01 2.912069644531584345e+01 1.903322854864291003e+01 2.011474172169437225e+01
-7.678281478632561630e+01 -4.361229214040668012e+01 -2.754909205367312097e+01 -1.242057830051817291e+01 -4.401398685404274147e-01 5.812182883425521140e+00 1.450441966526705073e+01 1.655327165276685264e+01 1.406531941549019393e+01 1.219838546851860883e+01 1.371023265556232218e+01 1.168784713117292995e+01 9.425282271228752506e+00 7.893947795082567609e+00 8.664519773641586653e+00 1.082157803621157655e+01 1.603390071460489708e+01 2.049598863057144627e+01 2.411659043662621116e+01 1.488247925199812016e+01 9.887765967603627359e+00 3.574792500606235990e+00
-6.838369363122274081e+01 -3.270491628559284436e+01 -1.599935806434405094e+01 -4.133254876066530414e+00 5.408103852034400916e+00 9.877057084130683506e+00 1.509180060369453713e+01 1.696425433421336493e+01 1.551225259879993246e+01 1.560935273996983597e+01 1.491513246459271613e+01 1.400265674632646551e+01 1.188156633160178899e+01 7.495417946271118126e+00 5.656986383390176343e+00 5.871383707649329153e+00 9.331193507225179928e+00 1.426404294296662556e+01 1.544370851763778774e+01 8.868599232954693434e+00 4.172795592426155054e+00 1.921393115260798368e+00
-4.431096875338789687e+01 -2.229281639575219742e+01 -7.416534061258971633e+00 1.891356337591787451e+00 3.482414306902683165e+00 7.488692387050832622e+00 9.805960304883228673e+00 1.375163302126202325e+01 1.277371277603378985e+01 1.697835568034770404e+01 1.743416072695072216e+01 1.716064144348547416e+01 1.337001524143852293e+01 6.320417596138213412e+00 2.350478568920152611e+00 3.816670901035649877e+00 6.695323202754480008e+00 8.723314936846691126e+00 1.072152725610703783e+01 7.940403479896303907e+00 3.613857374448343762e+00 -1.519052658892178442e+00
-2.590676956096558570e+01 -6.709968135231974884e+00 6.103044141225836938e+00 1.233620006195906171e+01 2.581868562765521347e+00 5.839113738665218989e+00 6.542821400303182600e+00 9.746482348307836219e+00 9.656360707742351224e+00 1.507053382233789307e+01 1.793921858964404237e+01 1.712684491686923138e+01 1.103999557573388302e+01 7.595510934705998807e+00 2.295316529355659441e+00 5.052551619421137730e+00 6.835406870321094175e+00 8.241384831978393777e+00 8.072986478695383994e+00 5.516503218094840122e+00 1.307131257706714678e+00 -2.810825732935882115e+00
-6.262887495613540523e+00 7.886171731342074054e+00 1.928303768543628394e+01 2.125934476386373717e+01 -4.621280769920304010e+00 -8.006923804233338160e+00 -1.265621704868954112e+01 -1.270713086607702280e+01 -4.625759756271691003e+00 -7.331063684123364510e-01 5.897188225096215319e+00 1.657703967447287141e+01 1.758466171605687123e+01 7.757135411621675303e+00 5.835138194513092458e+00 6.594983104314451339e+00 9.800907868150716240e+00 1.063531878807407338e+01 9.677532713752952986e+00 6.981481465893921268e+00 2.902638995798952237e+00 -1.252458140671478759e+00
