5.304291060458303946e+03
5.337524807625151880e+03
5.362622697661602615e+03
5.398274200892684348e+03
5.426029756106961941e+03
5.450675725146984405e+03
5.473343839658918114e+03
5.491419537795307406e+03
5.503823118557374983e+03
5.510611349353254809e+03
5.516504311017542932e+03
5.527522641323488642e+03
5.545678333094818299e+03
5.571749908930887614e+03
5.603768468612212928e+03
5.632262925793173963e+03
5.656301804888251354e+03
5.678755840212879775e+03
5.704663538357643120e+03
5.709120264068891629e+03
nan
nan
5.290158015672970578e+03
5.310940864135916854e+03
5.331398157354532486e+03
5.360814266498936377e+03
5.392157558656851506e+03
5.423049366039150300e+03
5.445377495207265383e+03
5.468723938209963308e+03
5.489431302180976672e+03
5.492838986628762541e+03
5.498473979230902842e+03
5.508297546175937896e+03
5.525143445917077770e+03
5.548003443310017246e+03
5.570156862817842011e+03
5.597107557448335683e+03
5.631555789135898522e+03
5.654008952500346822e+03
5.666628348363075020e+03
5.685546123150988933e+03
5.707361735968222092e+03
5.721102486227455302e+03
5.261222022629939602e+03
5.276226221430781152e+03
5.288420756863800307e+03
5.322545910873272078e+03
5.355884018018549796e+03
5.388380908909938626e+03
5.415560877292031364e+03
5.444923211065159194e+03
5.462667318806729781e+03
5.467396967716586914e+03
5.475225056057950496e+03
5.482380119117806316e+03
5.495400541499329847e+03
5.513093482467117610e+03
5.534424246943686740e+03
5.560534520503321801e+03
5.593702487355160883e+03
5.620431263702941578e+03
5.638908959683896683e+03
5.661498782428954655e+03
5.683944500484272794e+03
5.707371898673769465e+03
5.236965515219687404e+03
5.248054201760483011e+03
5.270351210201982212e+03
5.299113886563342021e+03
5.332618932041178596e+03
5.365152553971715861e+03
5.391219550101810455e+03
5.411148019274155558e+03
5.418018604712083288e+03
5.430701225643026191e+03
5.434447955836298206e+03
5.440143740946215985e+03
5.456929857881483258e+03
5.467599164219996965e+03
5.489054261252627839e+03
5.514173823966613782e+03
5.535635467292469912e+03
5.567122339361114427e+03
5.600326794005482043e+03
5.631462177496445292e+03
5.656479635670191783e+03
5.683056208410465842e+03
5.218470106899238090e+03
5.229942064168498291e+03
5.252352713541307821e+03
5.281243835554480029e+03
5.322557840173725708e+03
5.355892744337288605e+03
5.380683899967923935e+03
5.392781000162573037e+03
5.386618551526711599e+03
5.392967539176546779e+03
5.399096736338470691e+03
5.402273830476702642e+03
5.414272669809915897e+03
5.431531084193363313e+03
5.447556114590894140e+03
5.466750100779148852e+03
5.482709744919589866e+03
5.522794053991409783e+03
5.566052764028597267e+03
5.602989932972138376e+03
5.632042369590075396e+03
5.653707468025570961e+03
5.195852063928433381e+03
5.217241981516848682e+03
5.242888463432609569e+03
5.274962668754398692e+03
5.317096681786353656e+03
5.350664124338327383e+03
5.376808928726741215e+03
5.386759256789250685e+03
5.383658656581095784e+03
5.386033595121836697e+03
5.391495952855916585e+03
5.391162199437550953e+03
5.398445445550507429e+03
5.414697619198856955e+03
5.428688077131153477e+03
5.442434926595911747e+03
5.455164404763807397e+03
5.482278846810202594e+03
5.527982161985238236e+03
5.575059809978475641e+03
5.616295204016661955e+03
5.633344256814400069e+03
5.173910117788250318e+03
5.200597880425443691e+03
5.231309157499126741e+03
5.265975171913500162e+03
5.307859058767722672e+03
5.350024590436654762e+03
5.376072689251133852e+03
5.388307056508590904e+03
5.389573913421894758e+03
5.392696430743219935e+03
5.396036287988938966e+03
5.398688470661928477e+03
5.403676646742123012e+03
5.409996720172832283e+03
5.418542120479023652e+03
5.425178724864606011e+03
5.436899507942139280e+03
5.457671020432335354e+03
5.507287330880236368e+03
5.553401529363736699e+03
5.596006166552373543e+03
5.628801025153362389e+03
5.159071688672293931e+03
5.187907305178849128e+03
5.222815836610403494e+03
5.257478976661583147e+03
5.305853468346604132e+03
5.352541109600792879e+03
5.380396408080575384e+03
5.396072405408504892e+03
5.406789191769153149e+03
5.413101193060110745e+03
5.418095113765574752e+03
5.419323481008615090e+03
5.416547118766426138e+03
5.418990882232311378e+03
5.421723033003844648e+03
5.424158976052608523e+03
5.429919265754435401e+03
5.455157843313644662e+03
5.502626462308789087e+03
5.547173110875295606e+03
5.583794193412137247e+03
5.615488028139198832e+03
5.178532420816568447e+03
5.192288835463632495e+03
5.225912498295528167e+03
5.267001586220708305e+03
5.309653392017292390e+03
5.348086794755959090e+03
5.381588915891240504e+03
5.407063680775753710e+03
5.422353591029668678e+03
5.431874007095564593e+03
5.434356988784576970e+03
5.433659364596162050e+03
5.432304194645381358e+03
5.424108640574244419e+03
5.421750046454744734e+03
5.422270445634157113e+03
5.424740226158312908e+03
5.445376619802385903e+03
5.488759599637933206e+03
5.530018824380410479e+03
5.566504545645648250e+03
5.597928851121168009e+03
5.187385192265182923e+03
5.224659028566808956e+03
5.261492881312767167e+03
5.285747702964061318e+03
5.324266556206525820e+03
5.360158820152934823e+03
5.393952882507403956e+03
5.423623989086408073e+03
5.442982805609846764e+03
5.453105375173910033e+03
5.450899589150093561e+03
5.447537170350477027e+03
5.436753429515320931e+03
5.427170335110346059e+03
5.419117017069852409e+03
5.417068135836853799e+03
5.419771143689725250e+03
5.427564404685093905e+03
5.467169221661332813e+03
5.509392472214223744e+03
5.549328747452377684e+03
5.579114299021428451e+03
5.191166359082730196e+03
5.233610585180796079e+03
5.271814739105449917e+03
5.307187825910408719e+03
5.341930015570671458e+03
5.379961615337773765e+03
5.413524077190678327e+03
5.447208649710262762e+03
5.470334179003271856e+03
5.475485788776291884e+03
5.473150076080042709e+03
5.465969960491758684e+03
5.452784029589734928e+03
5.440640033380257591e+03
5.428794649603773905e+03
5.423225415079335107e+03
5.416126012045069729e+03
5.417906430427847226e+03
5.449092028901805861e+03
5.494367361977891960e+03
5.531955249875373738e+03
5.560783379309384145e+03
5.196433317099457781e+03
5.241122402350816628e+03
5.291023906255277325e+03
5.332059084278638693e+03
5.363971472715321397e+03
5.398122195645103602e+03
5.434915620959693115e+03
5.473753176314830853e+03
5.497457812991671744e+03
5.502131982321920987e+03
5.498656721095839202e+03
5.492302635886650023e+03
5.480530354493453160e+03
5.469371678293601690e+03
5.460943684665308865e+03
5.445277777929660260e+03
5.424171056981168476e+03
5.420457100437509325e+03
5.453393903009443420e+03
5.491250282245276139e+03
5.524583726427196780e+03
5.562591468065724257e+03
5.188083734140162960e+03
5.234011727490831618e+03
5.295352122166485970e+03
5.358745353498444274e+03
5.389257454582002538e+03
5.427888247200700789e+03
5.466703560511422438e+03
5.496851513221907226e+03
5.518402325893363923e+03
5.529597303329192073e+03
5.529850241740588899e+03
5.524060274347301856e+03
5.515429475180137160e+03
5.507840819585776444e+03
5.496863345623246460e+03
5.480598557152576177e+03
5.456981627709793429e+03
5.445885161860978769e+03
5.465790580085053989e+03
5.513713669108778049e+03
5.556214302619046066e+03
5.595661980416849474e+03
5.146738361142703070e+03
5.222160394714911490e+03
5.295069070557052328e+03
5.366766898777360439e+03
5.418317238132646708e+03
5.458405849100984597e+03
5.494452165730147499e+03
5.516473583354953007e+03
5.537802102059036770e+03
5.556209151620500961e+03
5.561987713787793837e+03
5.560753959220483921e+03
5.562408018133841324e+03
5.561165443679707096e+03
5.549160706474986000e+03
5.527878665277808977e+03
5.508403367313427225e+03
5.502671041996172789e+03
5.517201495658106978e+03
5.561997482551628309e+03
5.606235098163778275e+03
5.650574834341247879e+03
5.074959058175508289e+03
5.163080747414834150e+03
5.295670361140450950e+03
5.371325444422701366e+03
5.438926285275567352e+03
5.479625459410179246e+03
5.513618067281810909e+03
5.540950488781627428e+03
5.559982460368668399e+03
5.581118910833175505e+03
5.591301613479866319e+03
5.599562071040899355e+03
5.606825780097765346e+03
5.610634468124433624e+03
5.603762287638918679e+03
5.584170830797480448e+03
5.566612369518429659e+03
5.568651865597080359e+03
5.585681059079134684e+03
5.625108621047300403e+03
5.670533726236650182e+03
5.714954944848058403e+03
5.075631824444833001e+03
5.152623455214248679e+03
5.272625340969662830e+03
5.376804141789169080e+03
5.452723988041796474e+03
5.503063450437122810e+03
5.532653212821544912e+03
5.556553535903457487e+03
5.578236605856342976e+03
5.598981369145725694e+03
5.615551716176821174e+03
5.633995477994331850e+03
5.646967000349092814e+03
5.655358706970632738e+03
5.649314800179778103e+03
5.640613842351222956e+03
5.630942286115191564e+03
5.636858795795405058e+03
5.654357312714975706e+03
5.692402072541792222e+03
5.736652771680934165e+03
5.779162281273062035e+03
5.114957064197257750e+03
5.206117823058592876e+03
5.310125898947355381e+03
5.390300299624737818e+03
5.468460148114412732e+03
5.520889397653990272e+03
5.544828421833177345e+03
5.564201116608202938e+03
5.593188157439351926e+03
5.617479145027764389e+03
5.639436259123954187e+03
5.660774808206411763e+03
5.676861090111566227e+03
5.689957070955718336e+03
5.692173945368458590e+03
5.690387210167516059e+03
5.689872381779146053e+03
5.700699705902537062e+03
5.715552096839489423e+03
5.753523795615424206e+03
5.793184991385595822e+03
5.826669667149780253e+03
5.183792093460127035e+03
5.278795779021610542e+03
5.363372821191991534e+03
5.420835707446457491e+03
5.487693797033272858e+03
5.527974788753776011e+03
5.546565720914284611e+03
5.579434529905508498e+03
5.607531954214119651e+03
5.636619550366091062e+03
5.660573207174187701e+03
5.680890278772574675e+03
5.699772542586704731e+03
5.715906283077968510e+03
5.730001438554421838e+03
5.735885817531704561e+03
5.743596928339608894e+03
5.754224241029600307e+03
5.768372453726508866e+03
5.796155872793448907e+03
5.836434918524464592e+03
5.866935553573241123e+03
5.255740858341486273e+03
5.347814603744354827e+03
5.407201785229677625e+03
5.461897813910090917e+03
5.511553379688275527e+03
5.545390375324337583e+03
5.571787323781642044e+03
5.603176280126395795e+03
5.628089625692575282e+03
5.655890783187279339e+03
5.681077507305031759e+03
5.705126578464401064e+03
5.723613890863121014e+03
5.740647216309718715e+03
5.757845499521910824e+03
5.773765012476190350e+03
5.785736112274004881e+03
5.795333073611894179e+03
5.805220242767048148e+03
5.824433886313458061e+03
5.858351288178118921e+03
5.888144826545807518e+03
5.313130042097084697e+03
5.396469414253499053e+03
5.452809209070750512e+03
5.487579304510922157e+03
5.529438891833292473e+03
5.564403628396569729e+03
5.594102033573466542e+03
5.623395668957574344e+03
5.651642566547257957e+03
5.676564238877431308e+03
5.701515318031655625e+03
5.725109235176317270e+03
5.743768104969040905e+03
5.762931692206858315e+03
5.782613725214790065e+03
5.798938657647643595e+03
5.812452106195672059e+03
5.820639599053180973e+03
5.830738113688556041e+03
5.843453636861197992e+03
5.864542146833266088e+03
5.905518347754748902e+03
5.310364651817030790e+03
5.393737734145560353e+03
5.474478669246425852e+03
5.492311274305833649e+03
5.543374040623978544e+03
5.590837175793797542e+03
5.619897321209654365e+03
5.646582162030933432e+03
5.671464071046941172e+03
5.695746115009876121e+03
5.719253700937506437e+03
5.740296719625186597e+03
5.760188961072647544e+03
5.777279663320857253e+03
5.796807487009975375e+03
5.817173196314194684e+03
5.834245026960586074e+03
5.844212236027296058e+03
5.852812848355424649e+03
5.863707727576632351e+03
5.876244288562102156e+03
nan
5.291665790742723402e+03
5.378224552240812955e+03
5.455496002747606326e+03
5.517064592599714160e+03
5.569268035378099739e+03
5.616338206327049193e+03
5.642544879661121740e+03
5.666522460329071691e+03
5.689847033782687504e+03
5.712304947291007011e+03
5.733879034970730572e+03
5.753443280667013823e+03
5.772842201316729188e+03
5.790412530410646468e+03
5.808425140753405685e+03
5.827907290441943587e+03
5.845746569461031868e+03
5.860215026951283107e+03
5.869793010924595364e+03
5.876488705471875619e+03
5.886205939834229866e+03
nan
5.310715890011926604e+03
5.393258399957157053e+03
5.479137013550696793e+03
5.543612419692928597e+03
5.592964965941815535e+03
5.632118268002378500e+03
5.659815884124278455e+03
5.684356011820043932e+03
5.705077228014030879e+03
5.724890414178852552e+03
5.746235952131178237e+03
5.763578002956423006e+03
5.782713213977196574e+03
5.801864739384736822e+03
5.819502690468512810e+03
5.834413450605637081e+03
5.850780625817827968e+03
5.867255778139361610e+03
5.875771636051405949e+03
5.885659432456272043e+03
5.894126033457052472e+03
nan
5.334731099922854810e+03
5.422968487109935268e+03
5.504567602522215566e+03
5.561154578741892692e+03
5.603728189592201488e+03
5.639569408667330208e+03
5.667661027511065186e+03
5.693124981820430548e+03
5.714518428147003760e+03
5.734331455800086587e+03
5.754637643003521589e+03
5.772909130590886889e+03
5.791777702354926078e+03
5.808801915541118433e+03
5.825449892444842590e+03
5.839458897092410552e+03
5.852241947003003588e+03
5.864690902731353162e+03
5.875337022214980607e+03
nan
nan
nan
5.359274580651529504e+03
5.451767686986459921e+03
5.521312298221256242e+03
5.569001348355420305e+03
5.608771809222888805e+03
5.643123534128737447e+03
5.671154252785156132e+03
5.697922917297113599e+03
5.721715201592091944e+03
5.741235704471828285e+03
5.761999122813674148e+03
5.781634287297972151e+03
5.800984087893245487e+03
5.815065302206680826e+03
5.828450435897634634e+03
5.842686111798924685e+03
5.854991939530061245e+03
5.865539788845755538e+03
5.874714750572198682e+03
5.874431543904459431e+03
nan
nan
5.397292040304917464e+03
5.483111430559599285e+03
5.532336114569948222e+03
5.574384814090280997e+03
5.612721048835022884e+03
5.643331182933113269e+03
5.670613020212314041e+03
5.695901897570221990e+03
5.723414570887792252e+03
5.746489372557251954e+03
5.769538632998441244e+03
5.789605811341287335e+03
5.810230240824186694e+03
5.821823819739457576e+03
5.834135795425836477e+03
5.847223184759062860e+03
5.860015631065773960e+03
5.869565056210492003e+03
5.875695313509949301e+03
5.879224484387626035e+03
5.881016519716124094e+03
nan
5.433492031662018235e+03
5.497911268445664064e+03
5.543472963802503727e+03
5.582285644308176416e+03
5.612903455270862651e+03
5.639919615305995649e+03
5.668321311788465209e+03
5.693192375779593931e+03
5.722145711475252028e+03
5.749641712133529836e+03
5.777094722258708316e+03
5.798972177692445257e+03
5.816719897635379311e+03
5.830201060514813435e+03
5.839958346785429057e+03
5.854374594301144498e+03
5.868351207465651896e+03
5.876575157152809879e+03
5.882811359071938568e+03
5.886023653543155888e+03
5.886403033126462105e+03
5.889863566110133434e+03
5.463755017850437071e+03
5.507371031998550279e+03
5.549518453327309544e+03
5.584508160938755282e+03
5.607400459734120886e+03
5.630412033329782389e+03
5.659095779447174209e+03
5.687399650618562191e+03
5.717748556609707521e+03
5.749738223782650493e+03
5.781897330811281790e+03
5.807345709623394214e+03
5.825272346861885126e+03
5.837871689058881202e+03
5.847141985210143503e+03
5.865843150680003419e+03
5.877654961797561555e+03
5.884861048003618635e+03
5.889077523309128082e+03
5.891670234271129630e+03
5.892031268946641831e+03
5.893022718659277416e+03
