5.299478304630535604e+03
5.316072344050827269e+03
5.332215185150684192e+03
5.350201506508753482e+03
5.370841027704913358e+03
5.391582594923232136e+03
5.408066178057996694e+03
5.422311897825893539e+03
5.436432493750784488e+03
5.448697788042818502e+03
5.459015923071960970e+03
5.467027280593599244e+03
5.477379038634599965e+03
5.490557171282820491e+03
5.502345085396325885e+03
5.515072711347812401e+03
5.529069775707489498e+03
5.542927242912741349e+03
5.558738396871892292e+03
5.575144520150159224e+03
5.587700305110490262e+03
5.599790425780123769e+03
5.302294616269391554e+03
5.317499027778945674e+03
5.333885034990115855e+03
5.351108251775192002e+03
5.370259532655681141e+03
5.387443980216008640e+03
5.403021434517854686e+03
5.417278044116937963e+03
5.432146772082822281e+03
5.442928522426432210e+03
5.452206106647025081e+03
5.459898497322397816e+03
5.471168042097206126e+03
5.483092701238203517e+03
5.494149198224318752e+03
5.506808531227568892e+03
5.520621370825959275e+03
5.534627034115753304e+03
5.548459750243458075e+03
5.564234090876357186e+03
5.577394121927504784e+03
5.587835273428858272e+03
5.300208714093522758e+03
5.314463098839484701e+03
5.331297790006352443e+03
5.349252245887392746e+03
5.366775172866996400e+03
5.383496021761911834e+03
5.398845699833687831e+03
5.413028054220750164e+03
5.426500521741147168e+03
5.437897697057405821e+03
5.446427112080049483e+03
5.453667990260166334e+03
5.464564149535817705e+03
5.476285320276873790e+03
5.487284175068310105e+03
5.499763907735432440e+03
5.512880646644299304e+03
5.526630838303557539e+03
5.539074525688600261e+03
5.553647078115919612e+03
5.568544067007710510e+03
5.580478085710099549e+03
5.292400935287861103e+03
5.306765553027275018e+03
5.325246964847598974e+03
5.344756980260097407e+03
5.363739346078296876e+03
5.379485989177326701e+03
5.394680235661918232e+03
5.408838177836792966e+03
5.420774788328692011e+03
5.432873962895708246e+03
5.441934579517809652e+03
5.448856829061052849e+03
5.458796975175160696e+03
5.469416118744712549e+03
5.480680000787180688e+03
5.492107235121748090e+03
5.504508380129482248e+03
5.517804971187929368e+03
5.530282848159805326e+03
5.542737039951997758e+03
5.556489329206550792e+03
5.570411950352698113e+03
5.282645276886697502e+03
5.297954305427665531e+03
5.316076765203275500e+03
5.337352917499862087e+03
5.359496126223642023e+03
5.375399675089202901e+03
5.391793095359245854e+03
5.406748237319029613e+03
5.418319841218972215e+03
5.430082838590220490e+03
5.439807203434563235e+03
5.445639787719140259e+03
5.454197447025735528e+03
5.464397058774224206e+03
5.474587926485480239e+03
5.485179652238784001e+03
5.496805792356873098e+03
5.509391155379549673e+03
5.521422673478480647e+03
5.534411281987951043e+03
5.546630872592552805e+03
5.558901698405747993e+03
5.270751974746682208e+03
5.287759565997915161e+03
5.307184109075295055e+03
5.329648897383503027e+03
5.351346678511570644e+03
5.371722179427205447e+03
5.391669669737697404e+03
5.407143987914490936e+03
5.419187230337341134e+03
5.430313078537555157e+03
5.440093255379357288e+03
5.445140716611516837e+03
5.452291616509097366e+03
5.461331718523716518e+03
5.470496209620650006e+03
5.479729461574138440e+03
5.490046363246832698e+03
5.501532895173150791e+03
5.512818975811606833e+03
5.525035747870333580e+03
5.538484218753281311e+03
5.550720366070392629e+03
5.258264879812526488e+03
5.277610883365618065e+03
5.298576384156975109e+03
5.321979644938614001e+03
5.345116887107822549e+03
5.371388087832534438e+03
5.393348745866995159e+03
5.409575603520222103e+03
5.423627664772354365e+03
5.433279463675849911e+03
5.441626984230188100e+03
5.446061295628214793e+03
5.452507606503787429e+03
5.460509810975492655e+03
5.468205013190987302e+03
5.476123561407105626e+03
5.485365383378737533e+03
5.495549392947839806e+03
5.505310749409040909e+03
5.516247504088009009e+03
5.530768869033541705e+03
5.547097342154312173e+03
5.249066193887191730e+03
5.270430796337344873e+03
5.292965424129286475e+03
5.318950465025749509e+03
5.348049946173133321e+03
5.377457903482288202e+03
5.399076014959451641e+03
5.416736891451712836e+03
5.431063145231437375e+03
5.440614412299823925e+03
5.446732805307619856e+03
5.450364599830842053e+03
5.454713425627533979e+03
5.461778339851290184e+03
5.468508881072206350e+03
5.474890284182432879e+03
5.482750846568778798e+03
5.492766542470942113e+03
5.502621741900762572e+03
5.513891171734577256e+03
5.529887104575243029e+03
5.547688860398079669e+03
5.243124510778470722e+03
5.269356407573754950e+03
5.297352571768637972e+03
5.326611246204664894e+03
5.358493193054423500e+03
5.386459135247328959e+03
5.409560480672548692e+03
5.428306247832925692e+03
5.441515426364693667e+03
5.451222454968766215e+03
5.457345842846199957e+03
5.460272605841363657e+03
5.463845148328417963e+03
5.469379865751336183e+03
5.474523577691550599e+03
5.479808022928319588e+03
5.487679338101730536e+03
5.495955872331918727e+03
5.505008089558088614e+03
5.516934504234573069e+03
5.531131997718894127e+03
5.550235050474281707e+03
5.242546988842903374e+03
5.269708899153629318e+03
5.301854298147203735e+03
5.336435856561279252e+03
5.373014305115561910e+03
5.400583243888713696e+03
5.424178711309413302e+03
5.443065588238700911e+03
5.455534080487186657e+03
5.466560589513501327e+03
5.470583123194912332e+03
5.473636390652570299e+03
5.476975011918378186e+03
5.480277327998419423e+03
5.483820673525378879e+03
5.490066039076848938e+03
5.497015639814973838e+03
5.503708843938935388e+03
5.511630811078293846e+03
5.525402138170792568e+03
5.541945379020118708e+03
5.561019994071936708e+03
5.241895497042673924e+03
5.275447287717456675e+03
5.309241663310824151e+03
5.348431509556218771e+03
5.386557290694276162e+03
5.417114188014356841e+03
5.442521248945434309e+03
5.461513754149023953e+03
5.475230755217284241e+03
5.484253123701132608e+03
5.489557339961603248e+03
5.492493478568913815e+03
5.494581711118312342e+03
5.497033532655903400e+03
5.500358008211083870e+03
5.506331431381956463e+03
5.512437193711643886e+03
5.521053829246789974e+03
5.529458508319610701e+03
5.543425800230868845e+03
5.559803070291328368e+03
5.579678688701208557e+03
5.250601010417290126e+03
5.281932113541768558e+03
5.320238736287141364e+03
5.362588380292239890e+03
5.400655649232049655e+03
5.432679115158952300e+03
5.461097665773469089e+03
5.482659545213366073e+03
5.496665117964696037e+03
5.505088497270351581e+03
5.510091967591748471e+03
5.513367495234833768e+03
5.517381712357163451e+03
5.521447302864964513e+03
5.526038510910050718e+03
5.530043336876810827e+03
5.537604853159760751e+03
5.546220293544145534e+03
5.556903347815555207e+03
5.570430473444387644e+03
5.584321119493831247e+03
5.602374941485898489e+03
5.260367477614527161e+03
5.288262013767971439e+03
5.329241633410142640e+03
5.377489428178988419e+03
5.414444846563930696e+03
5.451144815417890641e+03
5.484749231942732877e+03
5.506404994047429682e+03
5.518752301521019035e+03
5.527592844011086527e+03
5.533544434357194405e+03
5.537680559541484399e+03
5.542969223496423183e+03
5.547270846697502748e+03
5.552232983960826459e+03
5.559352694728707320e+03
5.566855077615547088e+03
5.575308113491162658e+03
5.586000278517069091e+03
5.599130255482660687e+03
5.612493601174614923e+03
5.628697651708982448e+03
5.266807286895694233e+03
5.295218831311815848e+03
5.340860078675799741e+03
5.391341165006391748e+03
5.433884592333762157e+03
5.473770688256915491e+03
5.507264666405855678e+03
5.527133757759465880e+03
5.539599116116592995e+03
5.550527506761284712e+03
5.558079431953889980e+03
5.564279695046050620e+03
5.569872065773397480e+03
5.574919587273812795e+03
5.580656301113496738e+03
5.588921555085894397e+03
5.597313442062405556e+03
5.606196289085053650e+03
5.616346075233923330e+03
5.628268344250780501e+03
5.640158986462848588e+03
5.656318326461334436e+03
5.272329606101050558e+03
5.307432241244890974e+03
5.356219399176489787e+03
5.407157174393273635e+03
5.453741259061907840e+03
5.494867403680003008e+03
5.526761063047370953e+03
5.550450431159476466e+03
5.563003582274998735e+03
5.575568424525116825e+03
5.582630262209246212e+03
5.590083606045993292e+03
5.596038467537870019e+03
5.602786262880039430e+03
5.610044962786387259e+03
5.617799480784714433e+03
5.626306444658676810e+03
5.635429017942611608e+03
5.644752177431048040e+03
5.655249405135686175e+03
5.668514364932543685e+03
5.685119639511642163e+03
5.283862630648061895e+03
5.322925831676175221e+03
5.371541292730785244e+03
5.425347309471140761e+03
5.474777831859662911e+03
5.518697148043726884e+03
5.548498354000278596e+03
5.572785879789137653e+03
5.589197161822065937e+03
5.599117596929309912e+03
5.607918208512848651e+03
5.617169340838703647e+03
5.623655950844816289e+03
5.630477376706937321e+03
5.637861553016610742e+03
5.646077543038255499e+03
5.654987345383856336e+03
5.663670300865486752e+03
5.671910611796248304e+03
5.681382703563496761e+03
5.694511867454262756e+03
5.707129128397248678e+03
5.299930393986887793e+03
5.341596580426173205e+03
5.395694789715025763e+03
5.448120245397338294e+03
5.499787688194256589e+03
5.540786255611946217e+03
5.570240935615703165e+03
5.595358413595729871e+03
5.613239969105582531e+03
5.623307437112830485e+03
5.634479153800480162e+03
5.643312501750369847e+03
5.651177506997216369e+03
5.657457728457906342e+03
5.664949860236262793e+03
5.672964272720174449e+03
5.681443994385820588e+03
5.690174101086791779e+03
5.697160907743505049e+03
5.705873458285136621e+03
5.715311611063731107e+03
5.726584641963263493e+03
5.319542345542909970e+03
5.371131344579984216e+03
5.421714831054457136e+03
5.474657592755113001e+03
5.523935283482339401e+03
5.561859182918772603e+03
5.592729164493034659e+03
5.618368437828220522e+03
5.634608101738640471e+03
5.646455794585106560e+03
5.657050167836023320e+03
5.666499944797021271e+03
5.675518231623325846e+03
5.682932766453885961e+03
5.691477783662929141e+03
5.699506728751175615e+03
5.707095567494010538e+03
5.713737509009722089e+03
5.721100676670570465e+03
5.728476504984923849e+03
5.734589568248311480e+03
5.744474290579899389e+03
5.350642193158471855e+03
5.398858197389225097e+03
5.450937629815982291e+03
5.501037610349948409e+03
5.546449636123920754e+03
5.583005011318362449e+03
5.611795796154295203e+03
5.634230790081587656e+03
5.651849426040124854e+03
5.665359940392178032e+03
5.677449724152790623e+03
5.690189004639437371e+03
5.700935937338594158e+03
5.708972797064229781e+03
5.717120383347412826e+03
5.724542516790162153e+03
5.731671299102543344e+03
5.737529652856772373e+03
5.742960773385282664e+03
5.748071820697274234e+03
5.753225540159078264e+03
5.761483484552519258e+03
5.380440294745146275e+03
5.426654534435275309e+03
5.476519193414255824e+03
5.521498347469198961e+03
5.564408294746220236e+03
5.598305865059920507e+03
5.624028898482980367e+03
5.645555953930609576e+03
5.664871015548399555e+03
5.680222601721125102e+03
5.694949533767902722e+03
5.709094887663293775e+03
5.720133162675447238e+03
5.729249535765508881e+03
5.737534660678619730e+03
5.744640402397498292e+03
5.751238966366126078e+03
5.756251944013789398e+03
5.761214567750388596e+03
5.766343081237549995e+03
5.771927241037300519e+03
5.777507698871067078e+03
5.408095010972003365e+03
5.450580601303981894e+03
5.496387293985667384e+03
5.536949099920255321e+03
5.576187007363824705e+03
5.610909013780339592e+03
5.634412952006735395e+03
5.655195643470585310e+03
5.674487759079716852e+03
5.691732917140480822e+03
5.708219881283146606e+03
5.722848013378848009e+03
5.734756642622738582e+03
5.744580437090752639e+03
5.753601040116053809e+03
5.763094652853365005e+03
5.771173357702897192e+03
5.777512270596535927e+03
5.783679255553342045e+03
5.788931399375371257e+03
5.791378085110318352e+03
5.795709871449645107e+03
5.431140481922999243e+03
5.470513578075227997e+03
5.511748867729052108e+03
5.550033354728643644e+03
5.586377542692695897e+03
5.620279897529702794e+03
5.642131135431771327e+03
5.663010818646896041e+03
5.682962022716000320e+03
5.701078722063503847e+03
5.717557461678766231e+03
5.732594303579366169e+03
5.745666640754872788e+03
5.757457192533389389e+03
5.769273276220658772e+03
5.779984977723756856e+03
5.789608450870592605e+03
5.797734634906530118e+03
5.804201867438432600e+03
5.808171844076220623e+03
5.811325178618410973e+03
5.815961880686076256e+03
5.450713656173089475e+03
5.484921156788165717e+03
5.524299118121340143e+03
5.560756394710349014e+03
5.596469301489569261e+03
5.624817418687102872e+03
5.648008404595231696e+03
5.669565843597544699e+03
5.689540057394587166e+03
5.707399396476641414e+03
5.725199856576829006e+03
5.740106757440984438e+03
5.756363026629479464e+03
5.771196662725408714e+03
5.784315859177072525e+03
5.795048939154055915e+03
5.804866287781473147e+03
5.813986938018370893e+03
5.820541484643689728e+03
5.825733377673539508e+03
5.829581243680752777e+03
5.833509272494085963e+03
5.464651350518055551e+03
5.497372554006090468e+03
5.534757357345867604e+03
5.568052883516398651e+03
5.600702349302688162e+03
5.627449566391441294e+03
5.651032698098544643e+03
5.672871932350295538e+03
5.693580490445519899e+03
5.711506260266550271e+03
5.729726374568741448e+03
5.747133462214643259e+03
5.765558848415141256e+03
5.782667694393109741e+03
5.797370915556000909e+03
5.808620561504829311e+03
5.818543301612422511e+03
5.827078509170266443e+03
5.832858640861066306e+03
5.837555053758894246e+03
5.842051416858776975e+03
5.847759036768143233e+03
5.476231171625819115e+03
5.506014464338649304e+03
5.540454537510623595e+03
5.572142720874776387e+03
5.603085744270510077e+03
5.630229000272099256e+03
5.653501161112188129e+03
5.674631762515231458e+03
5.696334056758993938e+03
5.714454241330076002e+03
5.734020786843052520e+03
5.753974703521500487e+03
5.774606146002304740e+03
5.792353902541559364e+03
5.806731739667226066e+03
5.818537752539278699e+03
5.828724603261792254e+03
5.836977105055053471e+03
5.842873178491902763e+03
5.848724074099734025e+03
5.854395043271609211e+03
5.858502790287893731e+03
5.484327661702020123e+03
5.513375817898832793e+03
5.543756865135223961e+03
5.574020776680796189e+03
5.605239899788404728e+03
5.632292017013190161e+03
5.655117557476628463e+03
5.674601230047625904e+03
5.696531557742695441e+03
5.716735648927320653e+03
5.738619835747773323e+03
5.760610582981293192e+03
5.783058194067100885e+03
5.801514669011970000e+03
5.816386387781808480e+03
5.827307445556160928e+03
5.837506446585453887e+03
5.845201112715754789e+03
5.851778803024277295e+03
5.858059223843138170e+03
5.861872075833398412e+03
5.866189760485551233e+03
5.490496469411872567e+03
5.515715453890117715e+03
5.544957697339137667e+03
5.575101518176039463e+03
5.605887616843945580e+03
5.630166417863371862e+03
5.654304690917667358e+03
5.673715785313213928e+03
5.695310684636305268e+03
5.717627952814898890e+03
5.742381813061776484e+03
5.766372516740782885e+03
5.789029922308809546e+03
5.810054860281280526e+03
5.823555748296911588e+03
5.834979054469112270e+03
5.845122185030007131e+03
5.852040998005124493e+03
5.857945624066946039e+03
5.862671158946891410e+03
5.866180120509032349e+03
5.871159729170120045e+03
5.491225000103120692e+03
5.517522594811525778e+03
5.545757360455104390e+03
5.573145791145341718e+03
5.601304937381267337e+03
5.627736117028010995e+03
5.652897685976456160e+03
5.672201221564677326e+03
5.693677910823211278e+03
5.717173018616726949e+03
5.744439804360838934e+03
5.770597163099315367e+03
5.795132161214474763e+03
5.815136815769963505e+03
5.830705881852657512e+03
5.841693272998218163e+03
5.850355113020801582e+03
5.856919104663140388e+03
5.862232677279265772e+03
5.866361075689040263e+03
5.870065005377762645e+03
5.873052301470639577e+03
