5.280218736537209224e+03
5.310583931055733046e+03
5.334949992552931690e+03
5.362724690579520029e+03
5.391021639787620188e+03
5.421223173759055499e+03
5.445215688508805215e+03
5.462822775509506755e+03
5.475868092022623387e+03
5.488435697005990733e+03
5.498594678684251448e+03
5.506036683604905193e+03
5.519323342887781109e+03
5.537418767957899945e+03
5.557040557726733823e+03
5.577548939943832920e+03
5.600244919388268499e+03
5.622698954712896921e+03
5.650311781794309354e+03
5.669957592784937333e+03
5.682444406561723554e+03
5.694668520563457605e+03
5.276663083613973868e+03
5.303829330629535434e+03
5.328494970965614812e+03
5.356054399080311669e+03
5.383408307882055851e+03
5.408694597904683178e+03
5.429900179426616887e+03
5.447793851561262272e+03
5.463720822603086162e+03
5.472299668855751406e+03
5.480188810432497121e+03
5.486962772509388742e+03
5.499295608199725393e+03
5.516284575547223540e+03
5.531368474082833018e+03
5.552804686262938048e+03
5.579739266355070868e+03
5.600870875393585266e+03
5.622986728659529945e+03
5.649348389252323614e+03
5.670336172882675783e+03
5.681939814943501005e+03
5.263681170806584305e+03
5.289301416335076283e+03
5.313581054104898612e+03
5.340529990032388923e+03
5.367715023655034202e+03
5.394533497274627734e+03
5.414027709520581993e+03
5.431947295221590139e+03
5.445364245634935287e+03
5.455365410198431164e+03
5.462227953042171066e+03
5.466335824040525040e+03
5.477631669606505966e+03
5.491958437535244229e+03
5.505800046428603309e+03
5.528239731681313060e+03
5.555604340829444482e+03
5.580683396393601470e+03
5.602904705484803344e+03
5.628285620245049358e+03
5.650912581379110634e+03
5.673857095301233130e+03
5.245835878903712910e+03
5.268988024448410215e+03
5.294979111126425778e+03
5.321976827110848717e+03
5.350561372901383947e+03
5.375964826549972713e+03
5.398155992262211839e+03
5.414612368428130139e+03
5.424377919269963968e+03
5.435598116980605482e+03
5.441474707563373158e+03
5.443951680527183271e+03
5.455800392534838466e+03
5.468090485496738438e+03
5.482503541066485013e+03
5.503297034554771017e+03
5.527659421694671437e+03
5.555123184885525916e+03
5.580786291552500188e+03
5.602291022637029528e+03
5.625129636213298909e+03
5.652035814033603856e+03
5.229063088120822613e+03
5.250121993543646568e+03
5.273221835036619268e+03
5.302268687259701437e+03
5.332650795272293180e+03
5.356882627386886270e+03
5.379913471432580991e+03
5.398652490420157847e+03
5.407352944949760968e+03
5.417067070489486468e+03
5.422370993706152149e+03
5.426118152723019193e+03
5.435254396141626785e+03
5.446654736120085545e+03
5.458950319693799429e+03
5.479107932692229951e+03
5.503134994118847317e+03
5.532514267524375100e+03
5.559242142604294713e+03
5.582320302072837876e+03
5.602264187807075359e+03
5.624752331693524866e+03
5.210323251763408734e+03
5.233154056021419819e+03
5.259795474155907868e+03
5.289016336109882104e+03
5.317066639673565078e+03
5.342431051764174299e+03
5.367831663437481438e+03
5.386601054952976483e+03
5.395461643225970874e+03
5.402870605620416427e+03
5.410884216982572070e+03
5.414694551510357996e+03
5.419814180251089965e+03
5.430109888486516866e+03
5.440746234587725667e+03
5.457713612624826055e+03
5.482970208364530663e+03
5.510708649075198991e+03
5.537477261306557921e+03
5.563720705662567525e+03
5.584712743529346881e+03
5.605217937348051237e+03
5.188381305623225671e+03
5.215069068260419044e+03
5.245780345334102094e+03
5.277581351142915992e+03
5.307368613522026862e+03
5.340049866204773934e+03
5.366097965019253024e+03
5.383487092669662161e+03
5.393955703368266768e+03
5.400248847843880867e+03
5.406048841567998352e+03
5.408664701716851596e+03
5.412931550772203082e+03
5.418770234390987753e+03
5.426071543017998010e+03
5.438807281220266304e+03
5.464178075925828125e+03
5.490832289792992924e+03
5.515351584526730221e+03
5.540517445692750698e+03
5.563594362347766946e+03
5.589148690361395893e+03
5.171817609560133860e+03
5.202378493013824482e+03
5.237287024445378847e+03
5.271950164496558500e+03
5.306990431129138415e+03
5.344530533569858562e+03
5.370421683848694556e+03
5.390738706493184509e+03
5.404918616099467727e+03
5.413067040002014437e+03
5.415570292539893671e+03
5.413273956573048054e+03
5.413423937695303721e+03
5.417957636100354648e+03
5.422343515907891742e+03
5.431168658486769345e+03
5.449889653912692665e+03
5.475603806627870654e+03
5.501533185475654136e+03
5.524758747995619160e+03
5.549260347801715398e+03
5.575575116132142284e+03
5.167570048576939371e+03
5.202779483468669241e+03
5.240383686130503520e+03
5.278684264277099828e+03
5.317593937941423064e+03
5.352776793424975040e+03
5.383290988506548274e+03
5.404894781727712143e+03
5.419744045303124039e+03
5.429391200161097004e+03
5.429946644935975200e+03
5.426446544637661646e+03
5.424293643256718497e+03
5.424382930622906315e+03
5.425934909422326200e+03
5.430725563863765274e+03
5.444782869542994376e+03
5.464621323634361033e+03
5.488868091454384739e+03
5.514088133813551394e+03
5.537221460932318223e+03
5.565427545302040926e+03
5.170332184872160724e+03
5.207073220401463914e+03
5.245684114330449120e+03
5.288299119119355964e+03
5.332207102130656494e+03
5.368099366077065497e+03
5.400402209675956328e+03
5.423658407911266295e+03
5.437826929028509767e+03
5.449106386897912671e+03
5.447077012961114633e+03
5.443176343672095754e+03
5.440164975875027267e+03
5.436285260658621155e+03
5.432160292779975862e+03
5.435243081426138815e+03
5.445138233591473181e+03
5.459102364333601145e+03
5.478340881999982230e+03
5.504721767808999175e+03
5.532980428731285429e+03
5.561294700446193929e+03
5.173812544796926886e+03
5.215801724319061577e+03
5.256068192356347026e+03
5.303235098003588973e+03
5.348328229218180240e+03
5.387902161261904439e+03
5.421464623114809001e+03
5.444919615925657126e+03
5.461136517016471771e+03
5.469285391142319895e+03
5.468974511075131886e+03
5.464962487756088194e+03
5.460507009212307821e+03
5.454040482729972609e+03
5.447458154916100284e+03
5.446644606484465839e+03
5.451326327163873430e+03
5.463922314760303379e+03
5.482654054268538857e+03
5.509995643832427049e+03
5.537115602783181203e+03
5.570486756204230005e+03
5.178824525823421936e+03
5.223114048697510952e+03
5.272921269184397715e+03
5.323474011809574222e+03
5.366965155872614559e+03
5.406062741569234277e+03
5.443006039636372407e+03
5.469866414361938951e+03
5.486158353565449033e+03
5.493887370376694889e+03
5.493212219870219087e+03
5.490971525409229798e+03
5.488525611143310925e+03
5.483016987351040370e+03
5.478244706338033211e+03
5.472585379647547597e+03
5.470637403418326357e+03
5.482701868583998476e+03
5.502199932100361366e+03
5.526793140058392055e+03
5.551248829594808740e+03
5.583522508543632284e+03
5.170139125473148852e+03
5.215909090419952008e+03
5.277249485095606360e+03
5.343954078701726758e+03
5.384187383623273490e+03
5.427286325087031400e+03
5.469758307033500387e+03
5.496293885415323530e+03
5.511018205218187177e+03
5.520361542406859371e+03
5.522704520116267304e+03
5.521834747469532886e+03
5.520347108254011800e+03
5.515854144989214547e+03
5.511125996029696580e+03
5.508618641626294448e+03
5.507010572403962215e+03
5.512472305094533112e+03
5.528024366451716560e+03
5.553100789938762318e+03
5.580973020949695638e+03
5.613372269777211841e+03
5.151523437989916602e+03
5.204057757644031881e+03
5.276966433486172718e+03
5.351866830833123458e+03
5.405874202994967163e+03
5.452612632991821556e+03
5.494229925184257809e+03
5.518111159746853446e+03
5.533548598845696688e+03
5.547087916998060791e+03
5.553850472988186993e+03
5.556656679774770055e+03
5.556272328463938720e+03
5.552812478910640493e+03
5.549858033796675045e+03
5.550376542981199236e+03
5.553099463841672332e+03
5.557687624942739603e+03
5.572455359142799352e+03
5.596526304317788345e+03
5.626611124612801177e+03
5.664028966937839868e+03
5.134521396838573310e+03
5.204513625595780468e+03
5.279598639681964414e+03
5.358882409285021822e+03
5.426483250137887808e+03
5.473104465920456278e+03
5.512311523496788141e+03
5.542110920669615552e+03
5.558924226526681196e+03
5.575036980891173698e+03
5.584293795388150102e+03
5.590712926897115722e+03
5.592677416226249079e+03
5.593694570844470036e+03
5.595917929648107020e+03
5.597823522478712221e+03
5.601943222819226321e+03
5.611299673712713229e+03
5.625082567156124242e+03
5.648101757846684450e+03
5.678574677176144178e+03
5.713735857494790253e+03
5.135194163107898021e+03
5.212185793877313699e+03
5.290360041749343509e+03
5.370032276126246870e+03
5.443274744174404987e+03
5.495321330598975692e+03
5.530236506723337698e+03
5.561997052581773460e+03
5.584854546104439578e+03
5.600129431296203620e+03
5.613478325682840477e+03
5.624476156892662402e+03
5.631284307633540266e+03
5.635579368717410944e+03
5.639555683711517304e+03
5.644806488804024411e+03
5.651271762501405647e+03
5.661731436254648543e+03
5.675221489811080573e+03
5.696374039852250462e+03
5.724934985307714669e+03
5.755796480730716212e+03
5.151705908359411296e+03
5.225914765241715941e+03
5.313561427922165421e+03
5.389577099465151150e+03
5.464595677117659761e+03
5.513936426044877408e+03
5.549023816886338864e+03
5.582548695860380576e+03
5.607862091655750191e+03
5.624110708749774858e+03
5.641175686170386143e+03
5.655896601563387776e+03
5.665381241619826142e+03
5.673361077507014670e+03
5.679833961561164870e+03
5.687333452592431058e+03
5.694649710440833587e+03
5.706433024587725413e+03
5.719936017721065582e+03
5.739439990776813829e+03
5.763095299200895170e+03
5.788368543388337457e+03
5.182439178853574049e+03
5.258764079206689530e+03
5.342842229527084783e+03
5.420582075888851250e+03
5.488986394716980612e+03
5.533087756021628593e+03
5.570136166488809977e+03
5.605383470215837406e+03
5.629491807689551933e+03
5.646991269218031448e+03
5.664355627841558089e+03
5.680976968517159548e+03
5.694368047401901094e+03
5.705597192146467023e+03
5.716521308690892511e+03
5.726390557654916847e+03
5.735656535570210508e+03
5.746362029078964042e+03
5.760697920611806694e+03
5.777747860044840309e+03
5.795783648656560217e+03
5.818142023188361236e+03
5.221059549994251938e+03
5.296409475780573302e+03
5.377397566304260181e+03
5.453626044191078108e+03
5.514803338455641097e+03
5.557652987326514449e+03
5.593099773091608768e+03
5.624328642673122886e+03
5.648352260293671861e+03
5.666752126270646841e+03
5.684965576723481718e+03
5.704984770319600102e+03
5.723470046824511883e+03
5.737507526595602030e+03
5.749425914148584525e+03
5.760253326373101117e+03
5.770164888736882858e+03
5.780471566058152348e+03
5.792807776885983913e+03
5.807635733686444837e+03
5.823800757177908054e+03
5.842237845516075140e+03
5.257301222489342763e+03
5.335815331151090504e+03
5.413575112489258572e+03
5.483493407383773956e+03
5.540016480262862387e+03
5.581290377284602073e+03
5.612194777307953700e+03
5.639747361236649340e+03
5.664491930897353086e+03
5.684425948694076396e+03
5.703812191269582399e+03
5.725102787547269145e+03
5.744476123461416137e+03
5.762013983946748340e+03
5.775619339179983399e+03
5.786461316224900656e+03
5.796316771814247659e+03
5.804477540990536909e+03
5.816911255990980862e+03
5.831623641418895204e+03
5.847203591986470201e+03
5.865734650579635854e+03
5.291941817761044149e+03
5.368177567371319128e+03
5.449183988884839891e+03
5.505705583406667756e+03
5.558065429178862360e+03
5.602748531720316350e+03
5.630787433586579937e+03
5.655405258533285632e+03
5.678509325774760327e+03
5.699388098970583997e+03
5.720305243943093956e+03
5.740435498815349092e+03
5.760289286725787861e+03
5.777291657289422801e+03
5.793067805947337547e+03
5.808286797784199734e+03
5.819869602941214907e+03
5.829367309152586131e+03
5.839979971199185456e+03
5.853311613096598194e+03
5.866440936454696384e+03
5.881645071285788617e+03
5.318545227411147607e+03
5.396090687798458930e+03
5.472036864624466034e+03
5.526975495315742592e+03
5.575129252706880834e+03
5.619039491236903814e+03
5.645075906846727776e+03
5.669071366037082953e+03
5.691498525912687910e+03
5.712895969688479454e+03
5.733529573479011560e+03
5.753094140211355807e+03
5.771540513517516956e+03
5.788920710462783973e+03
5.806077108488229896e+03
5.821841717584557955e+03
5.835143584669436677e+03
5.846783531050731654e+03
5.857981708165470081e+03
5.867765929185870846e+03
5.877850533804537918e+03
5.893828297985095560e+03
5.348273181227044006e+03
5.417403446334752516e+03
5.490285218006483774e+03
5.544495239730918911e+03
5.590867534761753632e+03
5.628222642795868524e+03
5.654848950423236602e+03
5.679686277267991500e+03
5.702424568648022614e+03
5.723369215646542216e+03
5.744508481636679790e+03
5.762788880388646248e+03
5.782215851181167636e+03
5.800708191336845630e+03
5.817741572626692687e+03
5.831398457875482563e+03
5.844311234957347551e+03
5.856579160119619701e+03
5.866670095317608684e+03
5.877304026426580094e+03
5.885770627427360523e+03
5.895585276254621022e+03
5.370906657706838814e+03
5.437589166133922845e+03
5.506106125185388919e+03
5.556424350055870491e+03
5.598606990220906482e+03
5.633327692455122815e+03
5.660254937963924021e+03
5.686061300120121814e+03
5.709645559443641105e+03
5.730642324815427855e+03
5.751500202423665542e+03
5.771177102676204413e+03
5.791810813479338321e+03
5.810483034986529674e+03
5.827395398096498866e+03
5.840602892643316409e+03
5.852408862985477754e+03
5.862534958951704539e+03
5.869956900258960559e+03
5.875645517007838862e+03
5.880557784407596955e+03
5.886391305254607687e+03
5.393309231975705188e+03
5.454312417025860668e+03
5.514764743061597073e+03
5.562662413802317133e+03
5.603189023781509604e+03
5.637325724238383373e+03
5.664681159703914091e+03
5.690421139154698722e+03
5.715376784040535313e+03
5.735905741853385734e+03
5.757384703027085379e+03
5.778983380737614425e+03
5.800691774869559595e+03
5.819236426459485301e+03
5.834148323874164817e+03
5.847744621109472064e+03
5.859355076794882734e+03
5.868733906891814513e+03
5.875311254205679688e+03
5.881293678467870450e+03
5.887453759912204987e+03
5.885571715249481713e+03
5.413586327794496356e+03
5.471035865113317413e+03
5.520531879374612799e+03
5.567129411493680891e+03
5.607711659124604012e+03
5.639853305716710565e+03
5.667272857193235723e+03
5.691704030291407435e+03
5.717039503724348833e+03
5.739851656430003459e+03
5.763634448809508285e+03
5.786067920808798590e+03
5.809001988475291000e+03
5.827570543526784604e+03
5.843462382134907784e+03
5.855522833221119981e+03
5.866699433837776269e+03
5.875568482679878798e+03
5.883014492059938675e+03
5.889742570943928513e+03
5.894166939588246350e+03
5.896374114086761438e+03
5.432902199645825931e+03
5.477747049818323831e+03
5.525413264970943601e+03
5.572211430874154757e+03
5.607725493925309820e+03
5.637636775153496274e+03
5.667224288137403164e+03
5.691312333074425624e+03
5.717342719200993997e+03
5.742422316544680143e+03
5.769043118927795149e+03
5.792720768976423642e+03
5.814168576673842836e+03
5.835892104505324824e+03
5.850982682230007413e+03
5.863739597296656939e+03
5.875080979343811123e+03
5.883180533687681418e+03
5.890082218495866982e+03
5.895399050776109107e+03
5.899348873356377226e+03
5.903114532046876775e+03
5.442092947723991529e+03
5.485682516425249560e+03
5.529798917164794148e+03
5.568676742461067079e+03
5.601356402067837735e+03
5.632878603873623433e+03
5.660865912263574501e+03
5.685317049866784146e+03
5.712735339762616604e+03
5.742392501310856460e+03
5.772631701797075948e+03
5.797842752153029323e+03
5.819910920616955082e+03
5.841322968253877661e+03
5.859018435667612721e+03
5.871723240148238801e+03
5.881941875166641694e+03
5.889780796577648289e+03
5.895787475916146832e+03
5.900426200763674387e+03
5.904078053793994513e+03
5.906052372102964910e+03
