4.812755827768341987e+00
2.145246357432461082e+01
3.040751251091842278e+01
4.807269438393086602e+01
5.518872840204858221e+01
5.909313022375226865e+01
6.527766160092141945e+01
6.910763996941386722e+01
6.739062480659049470e+01
6.191356131043630739e+01
5.748838794558196241e+01
6.049536072988939850e+01
6.829929446021833428e+01
8.119273764806712279e+01
1.014233832158870428e+02
1.171902144453615620e+02
1.272320291807618560e+02
1.358285973001384264e+02
1.459251414857508280e+02
1.339757439187324053e+02
nan
nan
-1.213660059642097622e+01
-6.558163643028819934e+00
-2.486877635583368829e+00
9.706014723744374351e+00
2.189802600117036491e+01
3.560538582314165978e+01
4.235606068941069680e+01
5.144589409302534477e+01
5.728453009815439145e+01
4.991046420233033132e+01
4.626787258387776092e+01
4.839904885354008002e+01
5.397540381987164437e+01
6.491074207181372913e+01
7.600766459352325910e+01
9.029902622076679108e+01
1.109344183099392467e+02
1.193819183845935186e+02
1.181685981196169450e+02
1.213120322746317470e+02
1.299676140407173079e+02
1.332672127985970292e+02
-3.898669146358315629e+01
-3.823687740870354901e+01
-4.287703314255213627e+01
-2.670633501412066835e+01
-1.089115484844660386e+01
4.884887148026791692e+00
1.671517745834353263e+01
3.189515684440902987e+01
3.616679706558261387e+01
2.949927065918109292e+01
2.879794397790101357e+01
2.871212885763998202e+01
3.083639196351214196e+01
3.680816219024382008e+01
4.714007187537663413e+01
6.077061276788936084e+01
8.082184071086157928e+01
9.380042539938403934e+01
9.983443399529642193e+01
1.078517043130350430e+02
1.154004334765622843e+02
1.268938129636699159e+02
-5.543542006817369838e+01
-5.871135126679200766e+01
-5.489575464561676199e+01
-4.564309369675538619e+01
-3.112041403711828025e+01
-1.433343520561084006e+01
-3.460685560107776837e+00
2.309841437362592842e+00
-2.756183616608723241e+00
-2.172737252682054532e+00
-7.486623681511446193e+00
-8.713088114836864406e+00
-1.867117293677438283e+00
-1.816954524715583830e+00
8.374260465447150636e+00
2.206658884486569150e+01
3.112708716298766376e+01
4.931736817318505928e+01
7.004394584567671700e+01
8.872513754444753431e+01
9.999030646364099084e+01
1.126442580577677290e+02
-6.417516998745941237e+01
-6.801224125916724006e+01
-6.372405166196767823e+01
-5.610908194538205862e+01
-3.693828604991631437e+01
-1.950693075191429671e+01
-1.110919539132191858e+01
-1.396723715645657649e+01
-3.170128969226061599e+01
-3.711529941367371066e+01
-4.071046709609254322e+01
-4.336595724243761651e+01
-3.992477721581963124e+01
-3.286597458086089318e+01
-2.703181189458609879e+01
-1.842955145963514951e+01
-1.409604743728323228e+01
1.340289861186010967e+01
4.463009055011661985e+01
6.857865098418733396e+01
8.541149699752259039e+01
9.480576961982296780e+01
-7.489991081824882713e+01
-7.051758448106647847e+01
-6.429564564268548565e+01
-5.468622862910433469e+01
-3.424999672521698812e+01
-2.105805508887806354e+01
-1.486074101095618971e+01
-2.038473112524025055e+01
-3.552857375624535052e+01
-4.427948341571845958e+01
-4.859730252344070323e+01
-5.397851717396588356e+01
-5.384617095858993707e+01
-4.663409932485956233e+01
-4.180813248949652916e+01
-3.729453497822669306e+01
-3.488195848302530067e+01
-1.925404836294819688e+01
1.516318617363140220e+01
5.002406210814206133e+01
7.781098526338064403e+01
8.262389074400743993e+01
-8.435476202427616954e+01
-7.701300294017437409e+01
-6.726722665784836863e+01
-5.600447302511383896e+01
-3.725782834009987710e+01
-2.136349739587967633e+01
-1.727605661586130736e+01
-2.126854701163119898e+01
-3.405375135045960633e+01
-4.058303293262997613e+01
-4.559069624124913389e+01
-4.737282496628631634e+01
-4.883095976166441687e+01
-5.051309080266037199e+01
-4.966289271196365007e+01
-5.094483654249961546e+01
-4.846587543659825315e+01
-3.787837251550445217e+01
1.976581471195459017e+00
3.715402527572769031e+01
6.523729751883183781e+01
8.170368299905021559e+01
-8.999450521489779931e+01
-8.252349115849574446e+01
-7.014958751888298139e+01
-6.147148836416636186e+01
-4.219647782652918977e+01
-2.491679388149532315e+01
-1.867960687887625681e+01
-2.066448604320794402e+01
-2.427395346228422568e+01
-2.751321923971318029e+01
-2.863769154204510414e+01
-3.104111882222696295e+01
-3.816630686110784154e+01
-4.278745761897880584e+01
-4.678584806836170173e+01
-5.073130812982435600e+01
-5.283158081434339692e+01
-3.760869915729745117e+01
4.720408026514633093e-03
3.328193914071835025e+01
5.390708883689421782e+01
6.779916774111916311e+01
-6.459208996190227481e+01
-7.706757211012245534e+01
-7.144007347310980549e+01
-5.960965998395658971e+01
-4.883980103713111021e+01
-3.837234049136986869e+01
-2.797156478130818869e+01
-2.124256705717198201e+01
-1.916183533502498904e+01
-1.934844787320162141e+01
-2.298885406162298750e+01
-2.661324124520160694e+01
-3.154095368303660507e+01
-4.527122517709176464e+01
-5.277353123680586577e+01
-5.753757729416247457e+01
-6.293911194341762894e+01
-5.057925252953282325e+01
-1.624848992015540716e+01
1.308432014583740965e+01
3.537254792675412318e+01
4.769380064688630227e+01
-5.516179657772045175e+01
-4.504987058682036150e+01
-4.036141683443656802e+01
-5.068815359721793357e+01
-4.874774890903609048e+01
-4.042442373577887338e+01
-3.022582880200934596e+01
-1.944159915229283797e+01
-1.255127487733989256e+01
-1.345521433959129354e+01
-1.968353404481877078e+01
-2.609922030209327204e+01
-4.022158240305725485e+01
-5.310699288807336416e+01
-6.470365645552647038e+01
-7.299790323999513930e+01
-7.724449612524858821e+01
-7.614443925384148315e+01
-4.446158941696103284e+01
-1.600966595656882419e+01
7.383368432258976100e+00
1.809430494949174317e+01
-5.072913795994372776e+01
-4.183670253666059580e+01
-3.742692420537423459e+01
-4.124368364581005153e+01
-4.462727512360470428e+01
-3.715257267658307683e+01
-2.899717175475598196e+01
-1.430510443876119098e+01
-4.896576214012384298e+00
-8.767334924840724852e+00
-1.640726388156053872e+01
-2.652351807715513132e+01
-4.179768152857741370e+01
-5.639349927564580867e+01
-7.156335860730996501e+01
-8.310601630262135586e+01
-9.631118166657415713e+01
-1.031473988189427473e+02
-8.036647941780483961e+01
-4.905843825297688454e+01
-2.784782041595462942e+01
-1.889530939182441216e+01
-5.416769331783234520e+01
-4.080971119095192989e+01
-2.921483003186403948e+01
-3.052929601360119705e+01
-3.668417651672825741e+01
-3.455691951384869753e+01
-2.618204481377597403e+01
-8.906368898535220069e+00
7.926950269757071510e-01
-2.956514948430594814e+00
-1.143524649590926856e+01
-2.106485934818374517e+01
-3.685135786371029099e+01
-5.207562457136282319e+01
-6.509482624474185286e+01
-8.476555894715056638e+01
-1.134337961785922744e+02
-1.257631931066362085e+02
-1.035094448061117873e+02
-7.918019119911150483e+01
-5.973739306663446769e+01
-3.978347342017423216e+01
-7.228374347436420067e+01
-5.425028627713982132e+01
-3.388951124365667056e+01
-1.874407468054414494e+01
-2.518739198192815820e+01
-2.325656821718985157e+01
-1.804567143131043849e+01
-9.553480825522456144e+00
-3.499756276551124756e-01
2.004459318105546117e+00
-3.694192616605505464e+00
-1.362028519418254291e+01
-2.753974831628602260e+01
-3.943002711172630370e+01
-5.536963833757999964e+01
-7.875413757613114285e+01
-1.098734499057536596e+02
-1.294229516301838885e+02
-1.202096984320151023e+02
-8.541658637388263742e+01
-5.627929855556885741e+01
-3.303567129213297449e+01
-1.200689257529911629e+02
-7.305843659690435743e+01
-4.579100811874741339e+01
-2.457426622903130919e+01
-1.556735420111544954e+01
-1.536483915593089478e+01
-1.281250067570817919e+01
-1.066017440451287257e+01
-1.797014057556225453e+00
5.681644859216248733e+00
3.908281833903856750e+00
-3.525735825566698622e+00
-7.464047639556156355e+00
-1.375414359410569887e+01
-3.149559463851073815e+01
-6.104288980808541965e+01
-8.891007474897833163e+01
-1.035252470888808602e+02
-9.914457957581635128e+01
-6.627086169915219216e+01
-3.392388829907031322e+01
-5.743492120086557406e+00
-1.973705479255422688e+02
-1.443514938300568247e+02
-6.054903803603883716e+01
-3.583172997057226894e+01
-1.481497378634048800e+01
-1.524194426982376172e+01
-1.314299576556004467e+01
-9.499942377849038166e+00
-3.021121906330336060e+00
5.550486308058680152e+00
8.671351270620107243e+00
9.478464994906062202e+00
1.078731255989532656e+01
7.848205244394193869e+00
-6.282675147468580690e+00
-3.362864998723398458e+01
-5.969407514024715056e+01
-6.677715234553124901e+01
-5.907111835191335558e+01
-3.014078408838577161e+01
2.019361304106496391e+00
2.983530533641624061e+01
-2.082308062032288944e+02
-1.703023764619265421e+02
-9.891595176112241461e+01
-4.854316768197168130e+01
-2.205384381786643644e+01
-1.563369760660407337e+01
-1.584514117873368377e+01
-1.623234388568016584e+01
-1.096055596572296054e+01
-1.362277835842178320e-01
7.633507663972523005e+00
1.682613715562820289e+01
2.331104950427652511e+01
2.488133026369541767e+01
1.145324716316736158e+01
-5.463700687032542191e+00
-2.404505926866477239e+01
-2.681150507008169370e+01
-1.755329908127259841e+01
1.101936897829546069e+01
4.214090422667140956e+01
7.203315287581335724e+01
-1.849733297896300428e+02
-1.354787573675803287e+02
-8.556889076767038205e+01
-5.781994577260047663e+01
-3.132754007984385680e+01
-1.989685795795594458e+01
-2.541251378252582072e+01
-3.115729698752693366e+01
-2.005181166623060562e+01
-5.828292085066095751e+00
4.957105323474024772e+00
1.746230645604191523e+01
2.568358311434985808e+01
3.249934249781199469e+01
2.722408513219579618e+01
1.742293744734161010e+01
8.428387393325465382e+00
1.052560481574528239e+01
1.839118909598437313e+01
4.765033733028758434e+01
7.787338032186471537e+01
1.000850251865167593e+02
-1.357502520827829358e+02
-9.233556555837367341e+01
-5.834200986246560205e+01
-5.382188530865551002e+01
-3.624148644906654226e+01
-3.388439416499659274e+01
-4.616344357875004789e+01
-3.893390792271202372e+01
-2.707614752452082030e+01
-9.836244219015497947e+00
3.523039338164380752e+00
1.439033397555340343e+01
2.425431096337888448e+01
3.297351662408254924e+01
3.852365489149269706e+01
3.637908878052894579e+01
3.650136084559835581e+01
4.048673201987821813e+01
4.727177705593840074e+01
6.767936780852505763e+01
1.018453502761531126e+02
1.224612629933417338e+02
-9.490133481698558171e+01
-5.104359364487027051e+01
-4.373584458630466543e+01
-3.913979643985749135e+01
-3.489625643564522761e+01
-3.761463599402486579e+01
-4.000847237265315925e+01
-3.105450995519186108e+01
-2.375980034754957160e+01
-9.469157204898692726e+00
3.627783152241136122e+00
1.493757382496369246e+01
2.267795352452685620e+01
3.167441924548893439e+01
4.072511617449799814e+01
4.922249568602819636e+01
5.406481317146153742e+01
5.780342075512180600e+01
6.225946938176548429e+01
7.636206561618382693e+01
1.051257480190406568e+02
1.266613419932882607e+02
-6.731025264806157793e+01
-3.018512018177625578e+01
-2.370998434350531170e+01
-3.391904295827680471e+01
-3.496940291292776237e+01
-3.390223666335077723e+01
-2.992686490951382439e+01
-2.216028497303523181e+01
-1.322844900114159827e+01
-3.658362843693794275e+00
6.565784263752902916e+00
1.601434751302349468e+01
2.363494229359366727e+01
3.368215644134943432e+01
4.507906453617033549e+01
5.429825525014530285e+01
6.121313982954598032e+01
6.438765503939157497e+01
6.952354593816744455e+01
7.711055562364799698e+01
9.261490579596556927e+01
1.280106488836818244e+02
-9.773035915497257520e+01
-5.684286715842154081e+01
-2.190862473924153164e+01
-4.463782561442167207e+01
-3.281296673984616064e+01
-2.007183798654205020e+01
-1.451563079708103032e+01
-8.613481439651877736e+00
-3.023688032775680767e+00
4.013197869395298767e+00
1.103381965435983147e+01
1.744870624633858824e+01
2.543231844990896207e+01
3.269922623010461393e+01
4.320644689392156579e+01
5.407854346082967822e+01
6.307166925768888177e+01
6.669996543076013040e+01
6.913359280208260316e+01
7.477632820126109436e+01
8.486620345178380376e+01
nan
-1.394746911802758405e+02
-9.228902583441504248e+01
-5.625286498144578218e+01
-3.296876212892948388e+01
-1.710950731459615781e+01
-3.941691202653601067e+00
4.137442293504136615e-01
3.511641682175650203e+00
6.885011066687184211e+00
1.122622522750316421e+01
1.632157329196434148e+01
2.084897708764765412e+01
2.717556056185640045e+01
3.295533787725707953e+01
3.915186453274691303e+01
4.792231271818673122e+01
5.613811859043926233e+01
6.248039204475298902e+01
6.559114348616276402e+01
6.831686139565499616e+01
7.488076121581889311e+01
nan
-1.399977661611628719e+02
-9.166275683100866445e+01
-4.516210457064335060e+01
-1.714397501742041641e+01
-3.504335547753726132e+00
7.300849315275627305e+00
1.180747952904675913e+01
1.479016822249923280e+01
1.553717061944371380e+01
1.749101770221113838e+01
2.103609555434923095e+01
2.347124551543856796e+01
2.635018734771711024e+01
3.066807665932810778e+01
3.518683129144028499e+01
3.936451145158116560e+01
4.591433803635482036e+01
5.326884012099071697e+01
5.523015140771622100e+01
5.992605478273253539e+01
6.454478977629969449e+01
nan
-1.299202505952007414e+02
-7.440406689615520008e+01
-3.018975482365203789e+01
-6.898304774505959358e+00
3.025840289513325843e+00
1.211984227588891372e+01
1.662832941252054297e+01
2.025304947013501078e+01
2.093793770148386102e+01
2.282519553353631636e+01
2.491126843478014052e+01
2.577566837624362961e+01
2.621885393978482170e+01
2.613422114800869167e+01
2.807897688884168019e+01
3.083833558758124127e+01
3.369864539058107766e+01
3.761239356108671927e+01
4.247838135391430114e+01
nan
nan
nan
-1.169565909742896110e+02
-5.424677735218938324e+01
-1.914223928936735319e+01
-3.141372519356082194e+00
5.686064952378728776e+00
1.289453385663819063e+01
1.765309167296800297e+01
2.329115478188214183e+01
2.538114483309800562e+01
2.678146314175228326e+01
2.797833597062162880e+01
2.765958377647166344e+01
2.637794189094074682e+01
2.271139966512146202e+01
2.171869623040856823e+01
2.414835925964598573e+01
2.626733626826899126e+01
2.856268379070206720e+01
3.184157208029591857e+01
2.570746980472540599e+01
nan
nan
-8.703562139710265910e+01
-3.026438733923350810e+01
-1.142075056527573906e+01
3.640374094848084496e-01
7.481149046618156717e+00
1.103916591992310714e+01
1.549546273568557808e+01
2.130066752259608620e+01
2.688301314509681106e+01
2.975372362993130082e+01
3.091879725066792162e+01
2.899522835999414383e+01
2.717204675708580908e+01
2.030915072748757666e+01
1.774940764402799687e+01
1.991573920290193200e+01
2.250918448032007291e+01
2.436394349473721377e+01
2.391651048567200633e+01
2.116526054448786454e+01
1.914444388272568176e+01
nan
-5.700443774985433265e+01
-1.780418544445365114e+01
-1.484733536633939366e+00
7.184126132136952947e+00
7.015838426917071047e+00
9.753197442623786628e+00
1.401662087079785124e+01
1.947659046638000291e+01
2.683502683894676011e+01
3.201375931863094593e+01
3.471290919693183241e+01
3.259966095166237210e+01
2.768997532656976546e+01
2.014620023353290890e+01
1.640259848851746938e+01
1.939553983203222742e+01
2.322902243564476521e+01
2.453415914768538642e+01
2.486573500499252987e+01
2.335249459626447788e+01
2.022291261742975621e+01
1.870383694001338881e+01
-2.746998225268362148e+01
-1.015156281297549867e+01
3.761092872205153981e+00
1.136236979341356346e+01
6.095522352853549819e+00
2.675916301771394501e+00
6.198093470718049502e+00
1.519842905388486543e+01
2.407064578649624309e+01
3.256520516592354397e+01
3.745752645044285600e+01
3.674854652407884714e+01
3.014018564741036244e+01
2.273487328891769721e+01
1.643610335748599027e+01
2.414987768178525585e+01
2.729984877675997268e+01
2.794194334047824668e+01
2.684484602986231039e+01
2.530915858208936697e+01
2.196626356887918519e+01
1.997041718863783899e+01
