-1.925956809332637931e+01
-5.488412995094222424e+00
2.734807402247497521e+00
1.252318407076654694e+01
2.018061208270682982e+01
2.964057883582336217e+01
3.714951045080852055e+01
4.051087768361321650e+01
3.943559827183889865e+01
3.973790896317223087e+01
3.957875561229047889e+01
3.900940301130594889e+01
4.194430425318114430e+01
4.686159667507945414e+01
5.469547233040793799e+01
6.247622859602051903e+01
7.117514368077900144e+01
7.977171180015557184e+01
9.157338492241706263e+01
9.481307263477810920e+01
9.474410145123329130e+01
9.487809478333383595e+01
-2.563153265541768633e+01
-1.366969714941023994e+01
-5.390064024501043605e+00
4.946147305119666271e+00
1.314877522637470975e+01
2.125061768867453793e+01
2.687874490876220079e+01
3.051580744432430947e+01
3.157405052026388148e+01
2.937114642931919661e+01
2.798270378547204018e+01
2.706427518699092616e+01
2.812756610251926759e+01
3.319187430902002234e+01
3.721927585851426556e+01
4.599615503536915639e+01
5.911789552911159262e+01
6.624384127783196163e+01
7.452697841607187002e+01
8.511429837596642756e+01
9.294205095517099835e+01
9.410454151464273309e+01
-3.652754328693845309e+01
-2.516168250440841803e+01
-1.771673590145383059e+01
-8.722255855003822944e+00
9.398507880378019763e-01
1.103747551271590055e+01
1.518200968689416186e+01
1.891924100083997473e+01
1.886372389378811931e+01
1.746771314102534234e+01
1.580084096212158329e+01
1.266783378035870555e+01
1.306752007068826060e+01
1.567311725837043923e+01
1.851587136029320391e+01
2.847582394588062016e+01
4.272369418514517747e+01
5.405255809004393086e+01
6.383017979620308324e+01
7.463854212912974617e+01
8.236851437140012422e+01
9.337900959113358113e+01
-4.656505638414819259e+01
-3.777752857886480342e+01
-3.026785372117319639e+01
-2.278015314924869017e+01
-1.317797317691292847e+01
-3.521162627353987773e+00
3.475756600293607335e+00
5.774190591337173828e+00
3.603130941271956544e+00
2.724154084897236316e+00
-4.598719544364939793e-01
-4.905148533869578387e+00
-2.996582640322230873e+00
-1.325633247974110418e+00
1.823540279304324940e+00
1.118979943302292668e+01
2.315104156518918899e+01
3.731821369759654772e+01
5.050344339269486227e+01
5.955398268503176951e+01
6.864030700674811669e+01
8.162386368090574251e+01
-5.358218876587488921e+01
-4.783231188401896361e+01
-4.285493016665623145e+01
-3.508423024016065028e+01
-2.684533095134884206e+01
-1.851704770231663133e+01
-1.187962392666486267e+01
-8.095746898871766462e+00
-1.096689626921124727e+01
-1.301576810073402157e+01
-1.743620972841108596e+01
-1.952163499612106534e+01
-1.894305088410874305e+01
-1.774232265413866116e+01
-1.563760679168080969e+01
-6.071719546554049884e+00
6.329201761974218243e+00
2.312311214482542709e+01
3.781946912581406650e+01
4.790902008488683350e+01
5.563331521452255402e+01
6.585063328777687275e+01
-6.042872298327347380e+01
-5.460550997649534111e+01
-4.738863491938718653e+01
-4.063256127362092229e+01
-3.428003883800556650e+01
-2.929112766303114768e+01
-2.383800630021596589e+01
-2.054293296151445247e+01
-2.372558711137025966e+01
-2.744247291713872983e+01
-2.920903839678521763e+01
-3.044616510115884012e+01
-3.247743625800740119e+01
-3.122183003719965200e+01
-2.974997503292433976e+01
-2.201584894931238523e+01
-7.076154882302034821e+00
9.175753902048199961e+00
2.465828549495108746e+01
3.868495779223394493e+01
4.622852477606556931e+01
5.449757127765860787e+01
-6.988357418930081622e+01
-6.254181510519902076e+01
-5.279603882287301531e+01
-4.439829379569800949e+01
-3.774827358579568681e+01
-3.133822162776050391e+01
-2.725078084774213494e+01
-2.608851085055994190e+01
-2.967196140408759675e+01
-3.303061583196904394e+01
-3.557814266218974808e+01
-3.739659391136319755e+01
-3.957605573158434709e+01
-4.173957658450490271e+01
-4.213347017298929131e+01
-3.731628018683932169e+01
-2.118730745290940831e+01
-4.717103154846881807e+00
1.004083511768931203e+01
2.426994160474168893e+01
3.282549331422524119e+01
4.205134820708371990e+01
-7.724858432705786981e+01
-6.805230332352039113e+01
-5.567839968390762806e+01
-4.700030052919100854e+01
-4.105951504399490659e+01
-3.292736991242963995e+01
-2.865433111075708439e+01
-2.599818495852832712e+01
-2.614452913196964801e+01
-2.754737229780948837e+01
-3.116251276772618439e+01
-3.709064325779399951e+01
-4.128948793223025859e+01
-4.382070375093553594e+01
-4.616536516431460768e+01
-4.372162569566353341e+01
-3.286119265608613205e+01
-1.716273584307145939e+01
-1.088556425108436088e+00
1.086757626104190422e+01
1.937324322647236841e+01
2.788625573406261537e+01
-7.555446220153135073e+01
-6.657692410508570902e+01
-5.696888563813445217e+01
-4.792698192756506614e+01
-4.089925511300043581e+01
-3.368234182235391927e+01
-2.626949216600041837e+01
-2.341146610521354887e+01
-2.177138106156962749e+01
-2.183125480766921100e+01
-2.739919791022475692e+01
-3.382606120370201097e+01
-3.955150507169946650e+01
-4.499693512842986820e+01
-4.858866826922439941e+01
-4.908245906455431395e+01
-4.289646855873616005e+01
-3.133454869755769323e+01
-1.613999810370387422e+01
-2.846370421021674701e+00
6.089463213424096466e+00
1.519249482775921933e+01
-7.221480397074265056e+01
-6.263567875216540415e+01
-5.617018381675461569e+01
-4.813673744192328741e+01
-4.080720298490541609e+01
-3.248387781164819899e+01
-2.377650163345697365e+01
-1.940718032743461663e+01
-1.770715145867688989e+01
-1.745420261558865604e+01
-2.350611023379769904e+01
-3.046004698047454440e+01
-3.681003604335091950e+01
-4.399206733979826822e+01
-5.166038074540301750e+01
-5.482295765071012283e+01
-5.187740622350065678e+01
-4.460647960533424339e+01
-3.328992907831161574e+01
-2.068037036179339339e+01
-8.964950288833279046e+00
2.747063742572208866e-01
-6.808295224574703752e+01
-5.964556339839509747e+01
-5.317347095447712491e+01
-4.519641155262979737e+01
-3.822906147609592153e+01
-2.921202675245240243e+01
-2.105662583062530757e+01
-1.659413822336682642e+01
-1.409423820081246959e+01
-1.496773255881271325e+01
-2.058282888647136133e+01
-2.753099081282562111e+01
-3.407470190600452042e+01
-4.299304992593079078e+01
-5.289985329498358624e+01
-5.968682489749062370e+01
-6.111086654777045624e+01
-5.713151448648659425e+01
-4.680445405107184342e+01
-3.343015639844179532e+01
-2.268746750814716506e+01
-9.191932496978552081e+00
-7.177648459386819013e+01
-5.881806484425760573e+01
-4.731746710274364887e+01
-3.911436848266566813e+01
-3.369049335943509504e+01
-2.661637358971802314e+01
-1.809162613709668221e+01
-1.279313085142712225e+01
-1.050676439924700389e+01
-1.120112689365669212e+01
-1.687974772152938385e+01
-2.239596982560397009e+01
-2.885610121385252569e+01
-3.843031551392414258e+01
-4.779380457201750687e+01
-5.745795722926322924e+01
-6.696744974143439322e+01
-6.351842496014705830e+01
-5.470341571519384161e+01
-4.363733338599558920e+01
-3.307228989902250760e+01
-1.885243294226620492e+01
-9.022835214137830917e+01
-7.235292334801943070e+01
-5.199214831453627994e+01
-3.353534947726166138e+01
-3.025746294065720576e+01
-2.385849033085924020e+01
-1.499092490923248988e+01
-1.011110863210615207e+01
-7.734096302831858338e+00
-7.231301604227155622e+00
-1.083991424092710076e+01
-1.584581207195151364e+01
-2.262211524241138250e+01
-3.141670170828820119e+01
-4.110698793112987914e+01
-5.073405310241287225e+01
-5.984450521158487390e+01
-6.283580839662954531e+01
-5.797591206535253150e+01
-4.602946554389836820e+01
-3.152058022491928568e+01
-1.532538193177060748e+01
-1.152838489057776314e+02
-9.116107366778396681e+01
-6.389364518962702277e+01
-3.947433417326828931e+01
-2.801038933879499382e+01
-2.115805526509393530e+01
-1.303474122159786930e+01
-9.022598012612434104e+00
-6.050517270896307309e+00
-3.439589763223921182e+00
-4.228958965702986461e+00
-7.623015271280564775e+00
-1.359973730945876014e+01
-2.210710836317230132e+01
-3.079826731682169338e+01
-3.854501210469516082e+01
-4.421397822073322459e+01
-4.850866414231404633e+01
-4.389071609112397709e+01
-3.174203993299215654e+01
-1.354786185004741128e+01
7.710640476505432162e+00
-1.378082092624772486e+02
-1.029186156491105066e+02
-7.662075949452537316e+01
-4.827476510825181322e+01
-2.725800892402003228e+01
-2.176293775954673038e+01
-1.444953955058281281e+01
-8.339510489860913367e+00
-4.079355748317539110e+00
-5.314436339431267697e-01
1.663533178903890075e+00
6.293208511224293034e-01
-3.361051311620940396e+00
-9.091692035569394648e+00
-1.412703313828023965e+01
-1.997595830600221234e+01
-2.436322183945048891e+01
-2.412934422989837913e+01
-1.966961027492379799e+01
-7.147647289001724857e+00
1.006031224360049237e+01
2.861621798314808984e+01
-1.486684675401638742e+02
-1.107400377988615219e+02
-8.118125098144173535e+01
-5.531503334489389090e+01
-3.150308768525792402e+01
-2.337581744475119194e+01
-1.826184727694089815e+01
-1.078882720736419287e+01
-4.342615717626358673e+00
1.011834366893708648e+00
5.560117169991826813e+00
7.306816053958755219e+00
7.628356788723976933e+00
5.101992010473622940e+00
1.694130694906561985e+00
-1.271054234231087321e+00
-3.715582882450689794e+00
-1.938864610838209046e+00
3.310878014832269400e+00
1.499133628875370050e+01
3.042311785345191311e+01
4.866735233346753375e+01
-1.482244856274764970e+02
-1.156818151844572640e+02
-8.213336179286034167e+01
-5.854314593218714435e+01
-3.519201107659682748e+01
-2.684982956706880941e+01
-2.121711872936430154e+01
-1.280971773534929525e+01
-5.377877449832340062e+00
8.032716369443733129e-01
6.696532369905980886e+00
1.258409981301792868e+01
1.420373462260977249e+01
1.590334904910832847e+01
1.488410132490207616e+01
1.436917987225660909e+01
1.320571605501299928e+01
1.625892350093363348e+01
2.277510997756053257e+01
3.356653249167720787e+01
4.778368813716406294e+01
6.178390142507396376e+01
-1.371031666893359215e+02
-1.123672653732946856e+02
-7.887260152737235330e+01
-5.407551686626175069e+01
-3.494888876535878808e+01
-2.877142689714401058e+01
-2.259299800422468252e+01
-1.298496761238311592e+01
-5.116294049088537577e+00
5.354746329248882830e-01
7.305460005534769152e+00
1.447702372013827699e+01
1.884981577857524826e+01
2.266442569258106232e+01
2.504352502796336921e+01
2.688382890374123235e+01
2.856096807619996980e+01
3.262452006924195302e+01
3.959724394123622915e+01
4.927135505991645914e+01
6.119408040824873751e+01
7.366773260846184712e+01
-1.295826431642199168e+02
-1.024487216086517947e+02
-7.354006351172210998e+01
-4.741156615887030057e+01
-3.164629766827965796e+01
-2.535202399184800015e+01
-1.869602306268643588e+01
-9.902147408464770706e+00
-3.497165746452992607e+00
1.392185878468808369e+00
7.515852570691095025e+00
1.479576568016273086e+01
2.253410948591772467e+01
2.853472953137224977e+01
3.230553080117169884e+01
3.571080958293896401e+01
3.849358963433951430e+01
4.294191320137997536e+01
4.984700350070124841e+01
5.956391298917060340e+01
7.057521701882978959e+01
8.075436096355588234e+01
-1.231390722558035122e+02
-9.083920328418480494e+01
-6.294408092499725171e+01
-3.800494008542500524e+01
-2.439181448335784808e+01
-1.701548777531843371e+01
-1.183412117502666661e+01
-5.808592693960235920e+00
-3.790846510464689345e-01
4.203346972951294447e+00
8.862657501679677807e+00
1.600789988397536945e+01
2.434296078596889856e+01
3.276444818123945879e+01
3.808467850136366906e+01
4.182091382740236440e+01
4.507780544812158041e+01
4.822559697674751078e+01
5.569668824059226608e+01
6.528056018134520855e+01
7.527635094916968228e+01
8.822695170856877667e+01
-1.161531932109592162e+02
-8.240303393266276544e+01
-4.720330510082749242e+01
-3.124351651358756499e+01
-1.812157818496234540e+01
-8.160482060023241502e+00
-3.625518420155458443e+00
2.096150627003225964e-01
4.021566695043475193e+00
7.655181830103174434e+00
1.208536265994735004e+01
1.758748543650108331e+01
2.553264410304927878e+01
3.271122019867016206e+01
3.946676583128373750e+01
4.519214493083472917e+01
4.869624523831771512e+01
5.185503855605020362e+01
5.630071564584341104e+01
6.438021372122693720e+01
7.506285134437803208e+01
8.593519983614351077e+01
-1.125952545118516355e+02
-7.442289027676906699e+01
-3.971200310458607419e+01
-2.305785941290105256e+01
-1.124828998581506312e+01
-1.240406292798979848e+00
2.944771414956449007e+00
6.060547390186911798e+00
8.536503196687590389e+00
1.181724762497560732e+01
1.597211180024532950e+01
2.049983663198963768e+01
2.587387276264416869e+01
3.146351792939458392e+01
3.680383226757112425e+01
4.185673986080109898e+01
4.553513379884407186e+01
4.904889614420153521e+01
5.377984072703748097e+01
5.959408510965022288e+01
6.652535518612694432e+01
7.786641729901930375e+01
-1.024404749460454696e+02
-6.751771045341320132e+01
-3.401390011485636933e+01
-1.626115497943010269e+01
-5.601766727815629565e+00
3.405224108765651181e+00
6.840545828004906070e+00
1.012043367044680053e+01
1.288451125343544845e+01
1.596981916990080208e+01
1.930862505985078315e+01
2.268212294766181003e+01
2.585282455168817251e+01
2.951152861143691553e+01
3.342571344962016155e+01
3.634951872142664797e+01
3.944494717587440391e+01
4.259222210124880803e+01
4.612861067391895631e+01
5.157064875304058660e+01
5.618938374660774571e+01
6.207600376053505897e+01
-9.374469281121673703e+01
-5.978338787216762285e+01
-2.865123216047868482e+01
-1.162853346052816050e+01
-2.095359081781680288e+00
5.878126063681520463e+00
9.222239865379378898e+00
1.318936776982627634e+01
1.606506899812120537e+01
1.913606454887758446e+01
2.177382785492409312e+01
2.404364046156115364e+01
2.625196506419706566e+01
2.781534059341993270e+01
3.002448254049795651e+01
3.198233113848709763e+01
3.386556137305524317e+01
3.545644978143809567e+01
3.709825939789425320e+01
3.809046324894461577e+01
3.850636754881998058e+01
3.863226848646445433e+01
-8.292193965011392720e+01
-5.170204731278863619e+01
-2.568979444902652176e+01
-9.480307072459254414e+00
1.032795109995277016e-01
7.096723966284116614e+00
1.117999859172596189e+01
1.578937663946726389e+01
1.904272728154137440e+01
2.145150052330973267e+01
2.336391618403285975e+01
2.500867721611393790e+01
2.608562886725485441e+01
2.688252391792593698e+01
2.741658420693875087e+01
2.920686857019336458e+01
3.063047353309048049e+01
3.175680183676104207e+01
3.243807571377692511e+01
3.256960436813642445e+01
3.305871664059577597e+01
2.706892496158798167e+01
-7.074133390752376727e+01
-4.233995278551537922e+01
-2.322498576061116182e+01
-6.891365187115297886e+00
2.471759336199284007e+00
7.561288703520403942e+00
1.215529971660726005e+01
1.710280024378153030e+01
2.050794598165339266e+01
2.311600750268280535e+01
2.501461306173496268e+01
2.545733782750539831e+01
2.594379440819011506e+01
2.605587451481460448e+01
2.707599435309930413e+01
2.821538766495905293e+01
2.919298725232238212e+01
3.036736996412400913e+01
3.123568903566138033e+01
3.168334710079034267e+01
3.229486375484793825e+01
3.018435360121020494e+01
-5.759426976604663651e+01
-3.796840407179388421e+01
-1.954443236819406593e+01
-2.890087301884705084e+00
1.837877081364240439e+00
7.470357290124411520e+00
1.291959721973580599e+01
1.759654776121169562e+01
2.203203456468872901e+01
2.479436372978125291e+01
2.666130586601866526e+01
2.634825223564075714e+01
2.513865436503328965e+01
2.583724422404429788e+01
2.742693393309582461e+01
2.876054282754466840e+01
2.995879431380399183e+01
3.113953568255692517e+01
3.213659442892094376e+01
3.272789182921769680e+01
3.316875284734487650e+01
3.195480287675673026e+01
-4.913205237912916346e+01
-3.184007838627621823e+01
-1.595844329031024245e+01
-4.469048684274639527e+00
5.146468657039804384e-02
5.142486845612438628e+00
7.968226287118341133e+00
1.311582830210682005e+01
1.905742893940532667e+01
2.521948269412951049e+01
2.819189743623701361e+01
2.724558905371395667e+01
2.477875940248031839e+01
2.618615248391415662e+01
2.831255381495520851e+01
3.002996715002063866e+01
3.158676214584011177e+01
3.286169191450790095e+01
3.355479863688105979e+01
3.406512507463412476e+01
3.401304841623186803e+01
3.300007063232533255e+01
